!!Z!32
$uce$$o10
(null)
**1924**
**Hiury**
**paulinho**
*010994*
*Janeide*
........
.EpgVg
.adgjmpt
.b3uVu
.br
0
0000
000000000
000008
000018
00001932
0001
00011123
000315
000326
000345
000506
000776
000banco
001161
00120013
001203
001273
001305ls
001307
001321
001399001399
0014071974
001520
00161047
001739
001958
001968
001aa2bbb
001congo
002078
00213627264
002303
002356
002368
002461
002485
002950
003000
003052
00312100
003176
00320686205jB
00340034
004028
00420042
004502
004537
0045402
005131
005529
0066557
006848
007007
0072009keu
007394
007799
008103
008837
008965
009150
00GIGI
010105
010107
010120
010131
010183
010184
010203030201
01020304
0102030405
010203sc
010204
010207
01021804
01022000
010226
010256
010290
0102g03
0103
010312
010314
01032003
010355
010372
010377
010393
010400
010417
01042002
010479
010558
010586
010598
010602
01061984
01061997
010672
010677
010679
010681
010696
01069898
010765
010778
010807
01081972
010901
010903
01091993
010965
010987
010996
010alberto
011018
01101981
01101995
011075
011080
011099
011100
011196
0112
011215rlm
01121988
01121992
011290
01129595
0112sa
01140451
011426
011923
011991
012300
012345
0123456
0123456aa
0123654
012435
0129
012979
01301061
013056
013222456
01327980
01357
013831
014252
01435636
014870
015123
015907
01597530
015982
0182
019700
01fbcr
01malapreta01
02/818
02010000
020106
02011941
02011986
020180
020181
020184
020204
02021958
02021985
02021993
02022010
020273
0203**
02031998
02032004
020320099
020358
020380
020382
020383
020398
02040608
020409
02041990152304
020453
02049700
020502
020517
02052525
020586schard
020599
0205lav
020606
020608
020610
020615
02062905
020662
020664
020700
020701
02070210
020711
02071964
020720
020769
020783
02080208
020810
02081957
02081959
02081987
02082000
020877
020896
0208kimi
02091996
020954
020987
02101974
02101996
02109091981301
021097
021099
0210pic
021102
021113
02111992
021191
021210
021211
021216
021279
02128102
021295
02131984
021776
022002
022010rd
02263812008
02302011
023116
024541
02470247
025009
02621046797
0268383
027813
02811977
028558
028810
0288470
02R3V
02xereta
03011990
030176
030177
030193
030201
030223
030263
030308
03031112
03032008
030355
030389
030397
0303karen
0304
030419
03041998
03042000
03042007
030440
030445
030486
030503
030505
03051978
03051988
030576
03059119
030600
030607
03061989
030664
030677
030678
0307
03072002
030784
030786
030797ph
030874
030880
030892
030903
030904
030913a
03091966
031080
031092
031099
031108
03111981
03112007
031146
031165
031198
031201
031233
031272
031282
031310
031911
031974
031992
032000
032016
032184
032210940
03239800
0324
032523
032560
0331
03434204
034819
03572020
037129
037971
03817145608
03952967
03962165902
039758
03ea07
03filhos
040106
040181
040188
040189
040195
040200
04022000
04024676989
040267
04027171
040279
040292day
040301
040307
040319881593
04031998
04032004
040397
040480
040497
0405063
040510
040529
04055446
040579
040581
040595
0406
040605
040606
040687
040705
040783
040788
0407rrrr
040801
04091963
04091997
040995
041001
04102002
041089
041090
0410km
041113
041186a
041213
0412200720
041236
04128077
041292
041296
0413
041721
041976
041982
042200
042817
043
043678
046760
047900
0479287714
04melo10
050104
05011974
050185
050288
050289
050296
0502gabi
050305
050360
050372
050387
050406
05041954
05041972
050480
0504JV
050501
050505
050574
050611
05061923
05061951
050656
050708
050782
050801
05080349
050875
050898
050903
05092000
05092009
050958setemb
050969
050980
05101300
05101520
05104026
051074
051077
051083
051086
051087
0510taeboo
051102
051104
051106
05111978
05112011
051152
051169
051187
05121619
05121974
05126110
05127822
051283
051295
051305
051619aabB
051720
05201810
052305
052325
052498
052535
05253540
052610
0536
054147852
05542170
05759280
057724
058216
05848839786
05958j
0595ges0595
0598
05janeiro
05jota
05ntcctnn
06007455
06012008
060172
060174
060177
060196
060201
060204
060289
0602rp68
06031996
060350
060371jm
060385
06041968
06041996
060479
060487
060489
060496
060500
060508
060511
060553
060581
060601
060605
060606
060673
060699
060802
060817
06081994
06082003
0609
060900
060902
060903
06091998
060957
060981
060999
0609ccq
061019
0610195400
06101991
0610216
061061
061077
061094
06112006
061151
061186
061194
06121982
06121995
061272
061277
061294
061327
061504
061506
061517
061624
061723
0622628007
062326
062350
062526
0636850684
063978
065720
065924
0660551205
067120
067149
06799798845
068169um
068592
06junho
06le1010066
070104
070105
07011958
07012003
070158
070162
0701wanderley
07022998
070285
070286
070291
07031989ch
070370
070375
070397
070398
070400
070406
070455
070501
070577
070592b2
070603
07062002
070684
070702
070707
07070707
07071979
070765
070768
070778
070780
070781
0707ale
07080000
07080708
070897
070902
070956
070974
070977
070981
071007
071017
07102008
071071
071077
071093ives
0710Lili
0711463
071179
071180
071196
071199
071263
071521
0716
071720
072320
074107
075124
07553007
075757
07631977
076777
077021
07711707
078722
0800-12378lo
0800309002
080030ma
08008908111
08011997
080183
0802
08021993
080270
0803
080312
080372
080388
08041991
08041992
08041993
080453
080479
08051979
080600
08062001
080668
080672
0807
080777
080794
080808
08080808
08082008
080887
080891
080894
080898
080899
080903
08090669
08091996
08095710
08101742
08102003
081042
081065
081070
081088621989
081104
08111995
081170
081209
081266
081282
081422
081423
081522
0815dias
0816243242
081745
081828
081881
082309
082313
082369
082574
083496
084ccc
0851977
0852en
08534985178
085715
086465
087153
0893
08rmc150
090101
09011986
09012012
09012023
090177
090185
090189
090203
09021979
090267
090270
090276
090285
090287
090301
090302
09031981
09031985
09031988
090367
09045164
090473
090494
090580
090583
0905de96
090608
09061990
09062003
090662
090681
090684
090698paty
0906ls
090751
090797
09082011
090882
090894euamojesus
090896
09092006
090923
090929
090959
090988
091025
091047
091070
091080
091091ba
091105
091155
0911552
091186
091201
091259
091284291026
09129409
091295katy0912
09151808
0917
091719
091969
091987
092426
09333435
098516
0987654321
099010
09as87
0o2dcjt6
0rch1ds
1*2*3*4*5*
100000
10000000
100001620338916
1001
100100
10011989
100163
100165
100186
100192
1002
100202
10022009
100253
100277
100295
1002sara
100303
100360
100366
100382
100384
100398
100454
100459
100491
1005
100503
100508
10051780
100555
100583
100585
100586
10058893talis
100598
1005becam
1005klarinha
10061978
10061994
10065013
100689
1006969496
100711
100759
1007sm
100800
100808
10081975
100876
100882
100884
100901
100997
100bar200g
100rebelde
100sanpa
100senha
10102008
101070
101072
101073
101075
101077
101080
101087
1010ma
101106//
101110
101112
10111213
10111956
10111960
101120
101182
101183
101189
1011981
1011de
101207julio
101214
101217
101224
101300
101314
101324
101389
10140113
1014ar
101543
101610
101622
101703eb
101830
101914
101998
101bl03
101don
10200214
102030123
10203040
102030ab
102030planeta
10209080
1020mv
102112
102127
102212
102231
102266
1023
102308110680
10232512
1024
102414
102424ax
10243773
1024567
1024casa
102512
10259807
102608
102898
1030
103013
103020
103029
103030
103050
10305070
103103
103778
10384
103874
103casa*
1041407
105105
1052904
1053
105511
1058674
106024
10605856000144
106182
1062
10620102
1065
106899
107220
107513
107688gbbjr
108108
1090737
1094
10fe1970
10joaquim
10ma45ga
11003
110033
110181
110200
110205
110280
110285
1103
110303
110317
11031994
110334
110363
110364
110365
110396
1104
110400
110403
110405
110407
110408
110458p
110480
110487
110498
110649
1107
110774
110781
110787
110788ggd
110797
1107fran
110903
11091996
110968
110980
110983
111073
1111
11111111
111123
111177
111195
111200
111213
111222
111260
111282
111291
11131545
1113sbb
111528
1116987s
111781
11191020
11192322
111976
111988
11210525
112173
112211
11221122
112212
11223355
112255
112417
112585
113024
113100
1132831
11335577
1134
113506
11429234000175
114477
1145nava
114904
11498077
1150986
115207
11553081
115578
11620
116408
116613
117000
117201
1173248
1174
11819994
11826501
119617
119802
11980438
11caio
11ly20
11set62
12000
12005415
120102
12011985
120173
120179
120185
120186
120211
12021987
12022000
120279
120282
120290
120297
1203
120300
12031771
120325
120377
120384
120386
120395
120396
120399
1204
120406
12041966
120477
120486
120497
12051971
12053120
120560
120564
120585120585
12061955
12061995
1206501490
120665
120672
120690
1207
120761
120771
120779
120883
120893
1209
12090101
120902
120903
120909
12093487
120963
121004
121005
12101522
12102000
121026da
121064
121072
121084
121179
121185
121193
121205
12121212
12122424
121278
121284
121298
121314
121314ea
121364
121397
1213carro
121433
121506
121516
121526
12157721
121620
121651
121724
121788
12181218
121818
121925
121933
121958
122110
122112
1221rodrigo
1223
1224
122400
122412
122448
122450t
1225023209
122584
122622
122670
12292317
1230
12301230
123098
12312217
123265
123366
123369
1234141626
12344321
123450
123455
1234566543
12345669
123456789012
1234567890re
12345678910111213gato
1234567892
123456789321
1234567899
123456789abc
123456789manu29
123456789thaismoreira
1234567demilovato
1234567p
1234567ss
123456987
123456drik
123456edi
123456k
123456lisa
123456lsp
123456mm
123456ms
123457
12345ac
12345p
1234678
12348765
123489
1234@$
1234Leon
1234hakama
1234he
1234jcmm
1234mamae
1234qwer
123645
12369874
123789456
123838
123abc
123abc@
123andre
123asd
123bota
123bruno
123celio
123clara123
123deolivera4
123diego
123e456
123eli12
123kaliton
123leal
123lupus
123mlmp
123mudare
123porra
123sapato
123tinha
123tof
1242
124242
124430bd
12451245
12454512
124578875421
12457896
124578pj
124676
124680
125125
1256312
12579
1257b9nh
12608270
126126
126286
126461
126700
12681268
1268139
126842
126882
1269127493
126939
127042
127608
12768162434
1297488
12975419
12desetembro
12e13a14
12inter
12luara
12m48eg
12seis
12z34x56
130152
130190
130214
130257
130270
13029314
13032000
13032006
130351
130370
130378
130390
130399
130403
130416
130445
130452
130478
130481
130503
13051993
130563
130583
130611
13061973
13061997
130673
130680
130700
130713
130719761976
130729
130791
130797
130799
130807
130819
130863
130879
130882
130904
13091981
130947
130972
130980
130999
131003
131006
131010
131012
131067
131068
131072
131101
131191
131202
131206leo
131269
131271
131274
131286
131313t
131328
131371
131415
131416
1315
13151721
131630
1316598
131722
131723
131758
1319649
131966
131976
131982
1320
132015
132023
1320tra
132123132123
132127
13220407
13220443
132207
132456
132508
132527
1325ma
13261518
132769
132949
133009
1331eu
133400
133425
133623
134035
134222
134284
134368
134578
134625
1352
13521622
135294
135600
13576454xx
135789
135794
1365002s
136813
137137
137578
137731
137952
138019
138138
139010
139139
139148
1394
13amc46amc52amd
13euamominha
13sandra
140101
140111
14012008
140140
140174
140179
140197
1401tat
140204
14021402
14022009
140269
140273
140279
140289
1403
140304
140305
140352
140371
140377
140386
140391
14040521
14042004
140464
140483
1404lulu
140500
14051974
140570
140577
140592
140593
140599wsm
140671
140689
140701
14072005
140770
140781
1408
140800
14081992
14081998
140884
140905
140909
140964
140968
140984
140986
141002
141007
141065
141072
141076
141080mm
141091291
141098
1411
141104
141106
1411517abc
141154
141179
141180
141199
14121311
141219
141239
141263
141280
141298
141312
14141414
1414222
141455
141516
141524
1416ca
14171215
141719
141724
141829
14191412
141927pl
141929
141963
14216030
142425
142434
14253652
142577
1426
142614
14262000
142800
142840
1429dralion
1432elo
144316
145145
145214
1453
14556987
145607
145632
145698
14667878
147258as
147369
147852369
147896
147963
148182
14i2536sa
14ma86
14mutter
14nov07
14outubro
1501
1502
150204ni
15021103
15021981
150228
150231
150258
150263
150265
150287
150291
150302
15032004
150382
150383
150385
150477
150479
150480
150498
1505
150510
150553
150591
150599
1505igar
1506
150605
150610
150668
150672
150676
150702
150703
15071952
150767
150778
15081976
150838
150883
150892
150895
150899
15091999
150929
150978
150996
150997
1510
151000g
15101981
15101987
15102009
151027010403
15105237
151054
151065
151088
151100
151111
151181
151187
15122001
151252
151277
151285
151296gh
1515
151564
1515kl
151718
15172118
151734mc
151819
151820
151951
151982
1520
152021
1520253035
152030
152129
152141
152225
1523
152315
152540
152563
152630
15274985
152819jf
152924
153010
153015
153020
153029
153045
153200
153211
1533
153425
153512d
153642
153809
154445
154535
1551985
156156
15621562
156630
1567yil
156918
15700834
157486159753
157515
157528
157878
1581
159159
159215
1593
159456*
159753
15975300
159753159753
159951
159955
159yanca
15acm15
1601
160101
160109
160116
16011993
16012003
160203
160220
16022010
160294
160301
16032006
160361
160391
160393
160401
160446
160462
160479
160490
160494
160497
1604rt
16052006
160532
160574
160592
160594357
160595
160598
16065669
160667
160699
1606luis
16072005
160759
1608
160801
160802
16080930
160850
160858
160972
160985
160999
160999ma
161001
161003
161020
16102009
161046
161081
161084
16112009
161169
161174
161183
161200Rgjuan*
161213
161229
161250
161276
161290
161410
161415
161584
161616
16161616
161701
161718
16172121
161821
161826
161872
16200291
162010
162030
16212225
16230721
162363
162432
162805
163002
16321580
163739
164399
16501046509
165165
165311
1662983
166418
1670
16758133
1677033346
168300
169254740527
169816
16985
17/50*28-
1700313197442414
170105
17012012
17021990
170283
1703
170307
17031945
170366
170387
170390
170398
170403
17041985
17041993
17041995
170460
170474
170480
170486
170489
17051987
17052006
170576
170577pe
170579
170581
170585
17058903
170601
170611
17062004
1706700
170697
170698
170705
170716
170802
170808
17081988
170856
170859mae
170887
170919
17091956
17092010
170931
170965
171003
171049
171077
171079
1710rykz0
171102
17111997
171155
171166
171200
171205
17121979
17122001
17122005
171232
17123422
171282
1712iv
171664
1717
171717
171812
171819
171924
1720
172067
172139
172204cv
172326vb
172425
172708
172728295355
17274304
172917
172932
173624al
174097
174632
174726
1753
175617
176800
177233
1782
178765
17900000
179300
179346
1793wyxm
179415
17analyg
17d0588
17santos
17sidsol
17ta76
180101
18011990
18015
180166
180168
180180m
18018412
1802
180200
180207
180208
180258
180273
180280
180288
18031952
18032009
180323
180356
180369
180371
180374
180382k
180400
180403
180477
180501
180502
180506att
18051919
180577
180578
180579
180593
180595
180596
180600
180604
180673
180679
180682
180701
18071966
180762ph
180770
180772
180780gi
180800
180808
180824
180845
180851
180870
180882
180904
180906
180983
1810
181002
18101989
181098
181140
181166
181174
181185
181186
181187
181189
181201mw
181204
181205
181207
18121968
181265
181274
181297
181318
181624
181654
181715
181826
18191982
182013
18202607
182231
182254
18228322
1822ba
182429
182527
182528
182705
182812
182838
1828d57f6dc65fdc1
18300504
183490
183515
184307
184324
184521
18458784
185500
185564
185600
185996
186221
186812
187056
187145
18740620
1879
18879114
188900
18954113
18a08x1994d
18dejulhode1995
18ju70
18ou20
18sousa
1901
190107
190151
190187
190189
19020909
19021957
1902lfpb
190301
190305
190380
190397
190401
190406
19041990
190456
19051986
19052007andressa
190570
190597
190605
190676
190683
190686da
190701
190705
19071970
190726
190756
190768
190773
190774
190782
190797
1908
19081964
1908sil
19091966
190960
191005
191060
191096
19111990
191148
191211
191242
191277
191281
191317@danex
191425
191764
1919
191919
19193411
192192
192346
192476
1925
192837
19311202
193344
193512
193542
193720
1937456
19422833
1945
194545
194719
194747
195147
19520010
19521964
195294
1954
195401
19551955
1955tn
1956
19560604
195711
1958
195807
195824
1960
19601949
196040
1962nina
1963pama
19641964
196520
196523
19670210
196967
196leu
197070
197201
197202
1973
197314
19731974
19732846
197330
197333
197423
197487
197500
197528
1976
19762005
197712
197723
197745
1978
19781952
197852f
197878
197891
1979
19793272
197979
198023
19807900
19811010
198125
198180
198183
1981ammd
1982
198219
1983
1983tfs
198422
1985lrf
1986
19861409
198620
198655
1987
19870102
19877891
198800a
1989
19901809
19910065
199119tj
199219921307
1992di
1993
1993lucas
199406cat
199415
199733
199765OA
199765oa
19janeir
19junho1980
19nov04
19tgbr06
1Guarana
1a2b3c4d
1a2b3csa
1a2s3m
1ade2jai
1anselmo
1d4m6r
1demildo
1gml2710
1h5fpd
1h9p7o5c
1j2e3s4s5e
1joaquim
1jor4ge
1nsert
1otavio
1q2w3e4r
1r4c8a1
1ta365
1ttffsse
1wpQYU
1x3h2b1l
2,65296E+15
2/uzYz
2000joca
200103
200108
20011
200120070820
20012010
200125
200200
200202
20020202
200211
20021993
20022002
200256
200273
200286
2002deb
200301a
200302
200306423
2003198111
200388
2004
200402
200406
20041998
20042007
20042011
200449
200481
200489al
200497
200498
2004cesar
2004mej
2005
200500
20051983
200546
200578v
200600
200600915157
200612
200664
200679
200697
2006Gh
2006felipe
2006ms
2007
200705
200710
20071993
200760
200803
20086572500
200897
200898
2008enzo
2008morgana
200900
200901
200982
200986
2010
201001
201003
2010130130
20101972
201020
20102000
20102010
201030
201061
201066
201069
201077
20111991
201193
2011Walmir
2011anas
2012229
201265
201293
2016LA
2017a7
202011
20208210
202100051
20212122
202501
202520
202530
202606
202700bg
202712
20292029
203049
203107
20314563
2039
204060
204077
20482048
2048titabolo
20561088
20640762
20735
207bob
208013
20801390
208177je
208587
208650
209800
20a30b40c@
20f31952
20r15g
2101
210101
210110
21011970
210128
210184
210190
210190210190
210192
210205
21021914
210247
210285
210286
210299
210300
21031986
21031989
21032011
210368
210385
210389
21041978
21041999
210456
210462acs
210471
210482
210496
2105
210551396
2105811
210584
210589
2105mari
210600
210653
210687
210689
210694
2107
210707
21071968cad
21071994
210771
210785
210806rem
2108082002
210840
210858
210870
210876
210879
210882
21091992@
21092004
210976
210979
210981
210991helder
210999
211004
211008
21101707
21101979
21101999
211023
211051
211073
211079
211095
211097
21111974
21117811
211181
2112
211202
211205
21121994
2112199634864866
21122005
211271
211279
211282
211296
211508
211533
211550144
211819
211937
211989
212019
212107
21212121
2122232425
212230akmadsm
212325am
212384
212530
212666
212689
212701
2128830
212katy
213247
21325421
2134et38
2136
213603
214205
214480167
21472147
215014
2151
2157
216122
216669
2166690
21743275
217545
21771000
217807
218686
219617
219780
219796
219900
21adg21
21anos
21cl21
21dejulho
21to21
220102
220108
220155
220204
22021993
22021994
22021997
220264leo
220265
220374
220375
220376
220380
220382
220399
220406
22041983dani
220463
220465
220482
220486220486
220497
220502
220508
22052007
220552
220577
220585
220586
22061982
220620
22063025
220649
220654
220663
220668
220690
220691
22071997
220744
220773
220774
220777
220798
220805
22080790
220863
220883
220888
220905
22091962
220970
220980
220981
2210
22101973
22101977
22103422
221075
221084
2210casamento
22111981
221143
221160
221179
221186
221198
221203
221222
221273
221282
221286
221297
22141229
221627
221700
221701
221925
221960
221982
222122
222134
22222222222
22222525
222325
222329
222429
2224343
222474
2225186
2226301
222777pa
222826
223011
223114vivi
223126
2232
223242
2233185
22334455
223366
2233so
223672
2241
2241ng
224466
2245630g
224934
2253sp
225544
225800
225874
22595084
22614
226194jw
226204
226510
226622
226657
2269186122696532
226996paulin
227006
227128
227234
22786429
228335
228600
22904160
229626
229922
229925
22dakata
22dejulhode1996
22jbl17
22mlc44
23/08/2010
2301
230175
230179
230180
230199
2302
230201
230205
23021988
230260
23029090
230298
2303
230307
23031982
230360
230369
23038223
230405
230406
230408
23041980
23041981
23042304
230469
230475
230477
230499
230500
230503
23051989
23052009
230577
230598
230599
2306
230677
230681
230689
230702
230709
230767
230774
230779
230791
2307ek
23081945
23081981
23081987
230821
230857
230878
230968
230973
230974
230978
230981
230996699032
231004
231008
231054
231075
231086
231095
231097
23111975
23111983
23112388
231162
231177
231185
231205
231219
23121995
23122004
231283
231312
231404
231452893026407080
231458
231470
231575
231985
232028y
2323
232377
2323pt
2324
232426
23252325
232531
232711
232744
23290405
233015
233293
233736
23375165
234250
2345
23456
2345678
2346
234823
235102
235300
235401
235467
235635
23568915
2358
236608
2369gogo
237035
23710177
23750293kids
23764475
237756
238509
23911932
2393969596+
23ac13pl
23c51c53
23h06l
23kika1721
23super
23x08x1969
240109amor
240179
240186
240194
240206
240222
240267
240268
240270e
240283
240295
240301
240306
240325
240357
240362
240404
240409
24042307
240467
240486
240508
240523
240540
240574
240577
240596
240599
2406
240601
240662
240664
240666
240679
240698
24070
240712
24071996
24072006
240770
240776
2408
24081978
24081993
240893
240899
2408eve
240956
240960
240967
240983
240999
241003
241012
24101994
241074
241080
241088
241089
241100
241103
24112004
24112007
24117282
241174
2412
241200
24121886
24122004
241251
241266
241277
241291
241299
241305
24170230hp
2417545
241862
24201318
242464
24251969
242527
2426456
242708
242816
2428pvr469
24300190
243112
243324
24344092
243611
243648
24371103
244267
244424
244866
24511626
24536519
245893
24597711
246135af
246213
246357
2468
246810
246813
246824
246851
246868
246891
246955
246971
24738616
247474
24747721
24753616
247566
247839
248940
24919573
24BRASIL1976
24ago91
24edu24
24gatus
24gay24
25/08/97
250108
250175
250182
250189
250249
250259527
250280
250287
250294
2503
250301
250305
25031961
250380
250385
250398
250402
250406
250407
250462go
250471
250482
250485aline
250500
250508
250530
250555
250584
250585
2506
250602s
25060470
25061993joao
250645
250684
250685
250692ardm
250707
250708
250710
25071991
250720
250756
250786
250787
250793
250866
250876
250903
25091948
25092005
250982
250988
251000
25101954
251065
251075
251080
251102
251163
251167
251175
251198
251202
251204
251214
25121971
25122003
251221
251236
251258
251260
251272
25127872
251294
251311
251425
251586
251619
251679
2517474
251805
251925
251974
2519mi
25212521
252509
25252525
252525aj
252540th
252560
252627
25262728
252684
2529aa
2530
253026
253136
253180
253212
253496
253698
253708
2542
254277
25436700
25457488
254631125
254856
25613541
256239
2564aiac@
256545
256699
25698741
258000
258001
258204
2582472772
258456
258511
258741369654
259123
25963587
259774
25IM07
25b14e05c
25bolinha
25c25c
25neto92
26011988
260164
260180
260183
260185
260191
2602
26022006
26028621
260287
260294
26031997mcba
2603791
260383
260400
260409
260415
26041990
260422
260438
260460
260470
260483
260487
260496
260499
260519888
260569
260581
260584
260596
260606
260698
260702
260703
26071984
260720
260768wt
260776
2607mcr
2608
260874
260875
260885
260977
260982
260985
261071
261074
261100
261150
261172
26117742
261195
261197
26122008
261269
261282
261296
261307
261321lh
261406
261467
26150226
261503
261763
261822
26194341317
262331
262626
262929
263332
26384015
263842
263e033j65l
264126
264264
2650edi
26511954
265172
265331
266268
2667
2668g8731y
266977
267402
267800
267900
268850
26935234
26958500
26965341
269813
269902
26jcfg04
26maio87
26sis04
2701
270108
270116
270124
27021306
27021968
27022007
27022802
270280
270294
270300
27031969
27031979
270400
270404
27042009
270472
270474
270485
270490
270506
270572
270577
270582
270586
270598
270612
27061975
270693
270700
270705
27071995
270751
270763
270775
270783
270805
270836
270860la
270900
270903
27092709
270942
270977
270988
270997
270998
270999
2710
27101120
271020
271043mc
271076
271078
271099
271100
271179
271191
271198
27121961
27121978
271251
271256
271261ri
271271
271278
27128200
271297otniel
271325
271452
271512
271625
2716im
271813
271813pr
27190980
271925
271931
272366
272425
272431
272601
272625
272701
272800
272829
272871
272933
273027
273510
27360729
273666
274189
2746829
274mt05
275012647900
275304
275580
27569774
27720196
277209
2782005
278278278
27857180
27865333
27924780
27gisele
27rma78
27set09
280101
280122
280188
280206
280255
280267
280272
280276
280292
280294wi
280296tety
280297
28031983
280324
280380
280382
280396
280474
280481
280498
2805
28051987
280536
280559
280578
280592
280599
280681
280704
280719
28072010
280762
280772
28078214
280783
2808311983
280888
280901
280907
2809100
28091979
280974
280989
2810
281011
28101998
28102810
281050
2811
281100
281105
281167
281180
281182
281183
281198
28122006
281279
281283
281296
28132325
281330
28151298
281623
28180624
281982
282000
282013
2820357
282279
2824
282812
28282395
283418
28436440
284534
285243
2858
2860farid
286428
286616
286630
28665656
28726456
287424
287976
2880
28828845
288436
2891093e
289119
2898489
28desetembro
28lyfy12
29/11/77
290
2901
290100
290177
290179
290185
290229
290354
290363
290386
290401
29041926
290471
290485a
290486
290564
290573
290584
290589
290593
2906
290679
290682
290699
290708ki
29071984
290735
290755cr
290760
290782
290810
290863
290884
290908
290914
290968
290992
290993
290997
291005
291050
291071
291073
291099
291100
291109
29111979
29111984
291121
291167
291172
29119764
291201ds
291204
291250
291265
291275
291289
291292
291306snoppy
29131
291418
292019
292148
292341
292923
292929
292929128
293063
2942ia
295057
295392
29564049
29578
296236
2974
29792979
299250
29abril97
29at24as
29b23a16
29b5qsh
29filha
2@78@24@
2RKb7f
2buyShoe
2eivissa
2evelise
2filhas
2filhos
2gatos
2h44mi
2hYjml
2ivone22
2masouza
2mile1
2oesp8
2pVb/b
2senha2
2tk4x762
2wv40
30/set/19
300102
30011982
300183
300188
300300
30030033
300342
300365
300369
300383
300449
300455
300490
3005
300500
30051522
30051986
30052004isa
300565
300572
300573
300580
300583
300584
300598
300602
300603
30061994
300664
300682
300697
300698
30071981
30071987
300784
300792
300794
300804miero
300869
300871ja
300899
300904
300905
300968
300973
301057
301080
30108330
301086
301100
301101
30112414
301150
301183
301186
301194
301228
301230
30124641
301260
301262
301275
301325
301424
301525
30154323
30161790
301841
302081vi
302084
302316
30253900
30262620
3030
303009
303200
30322900
303236
30352103
303643
3038jein
303he6
304060cs
3042409
30438629
304395
304485
30456536
305060
305081
30534564patty
30622311
306418
306477
306570
30772864
30774020
308000
308013
308282
308587
308611
309336633444
30b21m02
30junho2010
30mima11
30rs75pa
310104
310108
310158
310182
310192023102912495319463
310354
310381
310384
310395
310398lalinha
310505
310591
310597
31060102
310704
310718ly
310755
310769
310774
310778
310781
310797
3108
31081989
310890
31102006
311056
311072
311091
311098
3110ve
311212
311217
31121972
31121995
311264
311269
311285
31135377
311608
311617
311907
31231623
31233123
31242990
3130496
313131
313490
313569
314082
314220
3151310
315138
315401
31581410
316064
316412
316480
316992
31729085
317596
3198044
31d10m
31jul95
31julho
31linca
3201
32051023
32122814
32130030
32147896
32155573
321632iv
321634
321654987
32173649
32197378
321dcba
321maria
322024
32215467
32215630
32221534
32224205
32227289
32227534
322336
322342
32234451
322828
323112
3231323g
323211
323232
323256
32328038
32328708
32337811
32343910
323500
32351019
32371722
32407772
32418372
32418993
32457362
325098
3252
32522904
32544048
325612
3259be
32628777
32681246
327073
32711358
327198
32723593
32744302
327452079
32760148
32817538
32823506
32829912
32852069
32882862
3288424305
32891941
329000
32930dta
329458
329854
33046486
330733
33092847
33130038
331690
332211
33229382
33231360
33232147
33240016
33245506
33316916
333300
3333333333
33351461
33361918
333645
333801
33424529
33450381
3346
33476284
3350
335416
33557142
33561832
336021#bay
336589rn
33713984
33722890
33805150
33820212
33837121
33839083mae
3384
33841942
33843051
33883131giuliany
33905147
33citte
340360
340409
34099008
34116535
341431
341615812321
341957
342594
34293453
343346vi
34341655
343434
3434499x
34357548
34364657
34381735
34521212
345345345
34558556tata
34558753
3456
34569907
34594936
3461204
34654869
3468
34684888
346872
34733104
34891925
349211
350219
350400l
3506940
351082608
351235
351258741
351809
35217354
35221004
35227121
35228142
352310
352326
352432
352531
35254012
35261014
352727
352846
35318515
35321012
35323745
35331384
35331702
353568
3541
35423523
35471112
35514590
35521130eduarda
35524395
35573233
3561
35663566
356789
357313
357800
3579
357984
35813292
358190
35823008
35823340
358308
358358
358454
35923901
359373
359694
359732
36051917
36061883
3611834
36145544
36183039
361911
362514
36273766
36291515
3631dyh
363237
36340862
36369482
363817
364158maer
3641gabriela1730
36420038
364272
36457859
36463341
3650710
3653791
365400
36583061
36623269
366300
36631367
3667
366798
367043
367367
3673849
367810
36811716
368368
369523
369852
369crazymix
36D45mg9
36chu26
37052331994959
371034
3712
372195
37246730
373011
373218
373519
37415800
374850
37533638
375421
375831
37635395
376681
377061
377208
377270
377410
377425
379520
3797edu1298
3803893
38052674
38058921
380707
380814de
38132079
381488
3821*
382258
38273536
383020
38311097
38313948
38325218
38344055
383642
3837
38437127
384509
38476098
384808
384838
38531891
38572464
3861LEAO
38623087
3866221306118601
38673532
38818514
389854
390831
39173251
39231979
39237922
392679
392731
393512
394001
394161
394380
3944
3945631
395398
3960832
3977albs
39836551
3995
3familia
3floj4
3pb18k
3rm45mi
3s8jk9ia
3wisabelle
400112
40028922
4005412
400700
4010
401010
40110036
40182
4019
40192
402067
402653
4026678a
40270812
403021
403140
40383
4040
404011
405060
405712
406106
4069
408040
4091JP
4101046
41018
4102005
410411
41084
411550
412+63bc
4121936
412895
413199
41321053
413382
413413
4142sp
415001
415161
4152as
41565422
415947
41731
41813149
41813683
41850062
42033090
420400
420742
421822101
4222ci
422722
4230
423859
4239
42413641
424242
4242564soul
424433
425402
426282
426598
4270
42vc2ist
431106
432156
4321leia
432773
43398129
434343
4352
436843
436860
4393lu
44169556xxx
44399214
44440004
444888
445500
445512
445566
445619
446686
446688
44732519
4474
44744474
44772811
448986
4500kft1122
45012513
450492
450623
451006
451528
4516
4520
452013
45204624
452123
452136
452312
452372
4523722
453627
4545
454555
4545jkph
454641
454727
455029
455436
456258
456456
456633
456789
456852
456987
457823
458010
4580458
45816971
45879200001010
4589
4590325
459045
45963
45966677
459898
459916993
4604
460937
461278
461553
4623hotfilme
462510
46317800
463345
46368980
463864
464636
46487479x24590:Scribne4Subscribe
465281
465606
466446
467675
470bjbj
471013
47151319
47169070
471926
47234110
47273399
473011
47323206
47323206*6
47351819
474120
4747
47497704
475000
47512517
47541260
475433
47599474
476277
478478478
47928777
47961739
480464
4821
482354
484500
4851
4851MP
4856425
4862500
486421
48648645
4882974
48eber48
49253240
495030
495370f
495871
4961irrf
49633619
496686
49715619
497205
49j44e93
4LTfN/
4filh0s
4lHIj3
4r2d7j
5.O2ox
500100200100300
500171
500lobos
501112
502214
502322
50378
50383
504548
50495050
505052fs
50510054
50619686
506549
5106
510goto
511145
512286
512357he
513068
513970
51409216
51467130
51516951
515255
515500
516565
517019
520131
52073
521298
521706
5218713
5220629
5232210
52332722
52368590
5245
524699
527237
5291bred
529399
531204
53214321
5331
5335
534210
5369512
536953
536971
537889
53ft4v9
541134
541700
5418
5423203
542410
543110
543254
5454
545454
545486
546088
547681
547981
548848
55119924
55123600
552210
5523482
552388
554478
5544rus
55482
554834
55488919
555555
555jura
556087
5564726
556677
5575
55kk22
5603jla
5603jurive
56084236
56147382
561503
56157070
562970iza
564092t
56475647
565200
56525066
5662115669593922
566544
56679438
567060
56762410
567891
56799433
568544
5700555
571617
5725
57251982
575356julio
5758
57669294
577400
57750000
578198jtcc
579862
579900
580220
581384
581455
58196604
584584
584923
585858
5874123
5880127
58868800
589394
58963214
589632428ms
589916
59046857
591120
59213710juju
592900
5954304
596221
59731700
5991911
5NdW.N
5nk2ms4u
5wTrDt
600000
60393
6050403020
6064hlc
60772
60872
610323
612098
612974
613166
613248
61412110
615240
615257
615410
616283
616616401fsp
617950
6191
620757az
623028620
623183
62349896
623996158317
6240411
624946
625023625023
62543
625626
62583019
625988
626710
626869
628720
629343
629481
629584
629908/rj
63001245
632087
632709
632832
633656
634779
63500
636782
636998
637248
63728199
6379
640000
64053311
640647
640710
6408
64098817
641107
641520
642277
642773
643622
64402607
645391
64553321
6457135460lip
6458
6461005
6471
64765974
647676
6481253790
648235
6483
648648
648648sj
649265
6494336r
64984357
651008359
65133416
651982
65210188
652476
652710
654123
65413131980
654500
65466546
6552
6553kv
6565
656528
656565
65847605
658783
658790
660131boby
660802
662061
662074
66257321
663122
664422
6644471
665669
66598994
666333999
6666
666888
666cacete
6677
6680lni
66823114
668265
66xuwevr
670120
67042813
67070000
67178812
67871329
679013a
681000
681237
6837fami
684684
685468
685648
685794
685977
69*69*69*
691177
6911re
69194602
692450
6938
69524478
696713
6969
69696
697197
6971rock
697796
698010
69801010
6UgYPF
6dIq7j
6hderm3w
6jntsrcu
6nr95gwt
7004
70081
700887
701206
701602
702065
7025thais84
7035
704040
706614
707102
70717273
707310
707418
70750103
707720pf
7079
70885854
709849588688
71.1301.36
710080
7112010203
71124418
711820
71185
712823
7131375
714039
717177
71721900
71907190
719111
72210149
72349852
724040
725055
72511
72920033
729banda
73097602
731129
731251
731731fvs
732949
7375wm
737899
7386fur
7403
740324
74125896
741852
741852963
741852963,
741977
742010
74236674
742444
742818
745100h
7456
74647238
74747410
7478015040671764
7478cr
749113china
749650
749b0cc9
751024
751229
751240
75213133
75315982
75320299
753753
756207
7566441
756746
75757867
759759wx
760139
762091
7621459118091102
762611
76447569
76527664-
766123
768662
769854
7707020598462709
770908
7710315
771903
77448800
775070
775435
775news
777202
777feliz
778101
779022
779900
780069
780328
780412
781025
781121
78190158
7823
78272318
784411
785971
7863
7871u
7871u#o2
787848
78841732
789
789456
789456123
789503
7896
791579
792321
792841
794613852
79549323
795911fs
7973
79797979
798182
7993
79vida235
7WD653
7X5A01
7aV7ec
7cunxaf
7g5e7g4d
7hrjfrps
7msAIR
7o777u
7sag2pio
7z4mqt6f
800192
800806
801001
801275
801580
801801
8041
80484017
805060
80625515
80676
807613a
8092007
80928574
81015807
810181035201
810610
810981
811209
81139730
81141788
81146940
81148225
81183622
81210186
8122
812246011
81230216
81239879
81276628
81297769jacque13
8130249193156055
81329999
813694
814509
814558
81469485
81490340
815937
816532
81686959
81734467
81772964
81813518
818181
81843443
81927659
81998816
82030249
820934
821121
8211620
8215980
8223
822833
824655
82471938
826300
828979
83032711
831010
831318
83147556
83338354
834961
83528950
8360
83705410
837262
837373
83801996
840048
84010828
84062671
84072094v
84079157
840atb#@
84101784
841106
84153891**
84232410
84243141
8424587214
84256050
842818
84294800
84438577
84462697
845679
846g2jkx
848200
84841212
8486
85010980
850307
8505
850560
851109
8511965
851373
852020
852401
852456
852779
852822
852963741
853351
85366320
85398539
85439058
8545
85581340
85604230
85714485
857412
85787780
85842289
85875910
858952
859263
8596
859652
85caba
8604849135
86181930
86190800
86293937
86299463
864050
8642
86491036
86620840
86629538
86667114
868584
868893ro
8691470
86944105
86987
86bsy1dunw
87017162
87035136
871223
87193738
8726530526057858
87325
87344447
87456321
87653273
87654321
8775
8783897
878963
879368
8794037287940372
88012015
8802
88029185
88033233
88048057
88051400
88053115
88086717
88108196
88112165
88157053
881616
88164048
88173231
881905
88196879
88203326
88212762.pop
88214434
88217973
88250959
88265336
8826susu
88273203
882819
88290051
883032gr
88310026
883261
88330542
88352476
88385666
88394169
884000
88421186
884378090
8845323232
88534512
885566
88584458
88620115
88679171
8868999188534906
8870he
8871345
88787750
887898
8888
888810
888844
8888888888
889314
88981526
889977
890106
890829
891742
89460312
895510
895521
895561
895623
899135
8995
8dpk7gd7
8j35teuc
8k9rp4nk
8kur5y4s
8qks4xe
9001
900300dy
90101547
901901
903012
903406
9038anne
9040Ii
906107pi
90630050
90651307
907070
907pa259mhv
908070
90814413721
90909090
9100525291005252
9101846235313066
910426
91044018
91060975
9109525833490919
911086
91130833
911858
91188302
9121982
91222211
91225208
91229643
91261304
9128-6
91291587
91322193
91344560
91353
9135302jgs9579949j
91360287
91361212
91371196
91384619
91405027
91420171
914508
91459965
91516984
91566887
91569401
91577934kakanany
915915
91608103
91610fk8112547
91647913
91711089
917638
917839
91783906
918324
91858186
9186033612
919474
91947858
91962
92084154
921192
921796
92299414
9230
92315909
923255
9237mi
92397905
924105
92457793uct
924742
92554220
92569294
92841536
92912855
9294
929486
9307162121
930924
931083
93125436
93213427
93290028
93320664
9348210
9357406387767714
937300
93739373
93905552
93930909
93963
93casei
9402847
94069967
9409933488780614
94185591
94206308
942107
943677
94495092
94532334
946008
946275
946699
947125
95041168
951024
951200
95136784
951462
95257222
9531010017101994
953728
954165
9543082
9554773
95672639
957309
957979
95993010
95daneri
95jeaaa
95sabat
95tw2vt8
96088350
9612490
96154896
962558
96292423123
9636
963741
96377981
963905
96431832
9644
96490919
965132nm
965200
965231691511
965335dj
96545168
96554161
96564800
96619339
96649513
967112484
9694918
96954095
96paula10
97006052
970187
970239
97069063
97091942
970950
970970
97133680
97148290
97155331
97161355
97253232
97254251
97270426
97365526
973915
974311
97516543
975246
975319
975426
97630827
97700454gabriela
97701399
97725620
97736978
97778020
97797481
978010
978183
978210
97889713
979109x
9792279203
9793
979471
979797
980168
981118133751259919
98138595
98150583
98190346
98210990
982401
98252670
98269094
982711
98287456
98297841
983010
984457172772
98462024
984723
98474210
984746
98548656
986532
987*987
98713511
987301
987456321123654789
987513
9876
987654321
987852
987987catia
987aa789bb
98hvaw
9901004701
990330
99101393la
991027
99117717
99119281
99131159
99158005
99158005,
991581
99181408
99228330
99255106
99262435
9927357135211184
99286481
99315508
9932127
99326368
993355
993570aaan
99371346
99437205
994705
99483532
995078
99520504jg
99531010
99537652
99551227
99563818
99621103
99626190
99628689
99630181
99632904
99658336
996655
99669520
99671602
99672381
99675565
9972
99732915
997486
99751062
99751301
997566
997605
99766216
99769695
997806
99812701
99844532
99858060
9988
998823
998858
99889028ra
99892320
99893839
99898217
999223
99959103
99970067
99970271
99973680
999808
99999
99ga3838
9UFibS
9bg514
9lindo9
9oZ0U0
9qBZTg
9qzBdt54D9k2
9t4aq8cc
9wxf3rj
?id=2&sl
@@225022
@@semvideo1
@Kaathy10
A1A2A3A4
A1b2C3d4
A2785594
A2rkVf
AAAAAA
AAS0040
AB3FB9
ADRI
AFB6956
AH2275
AHB4792
AJCH1234
ALEIXO
ALINE14
ALVI1986
AMANDAS
AMORE
ANGEL5
AQUARIO
AR2007
ARDLD
ARI246
ARPS151178
ARTE2012
ASSESEXO
ATRAesterni1
AVvLg1
Aa33587747
Aa@12345671
Admin
Adr14n4
Alegria1
Alex2009
Altsa01
Alvinhucf526
Amor1074
AmorePa$$
Asn*7681
Asprilla01
Az037013
BARI27
BARRETO1
BEBEZINHAZIKADOBAILE
BEMVINDO
BKN5699
BRUNA
Baleia13
Bdo0318
Beatriz2803
Boca0909
Boladegude123
Bolota
BvXUYy
C0KAdU
C2D3G5M8
C6H12O6
CAMindfreak
CANTORA145
CARAMELO
CARINE
CARINE123
CEBRILIN
CELI8613
CELSINHO
CESARFELIPE
CFC7893
CHARLES
CHOCOLATE
CHOKITA01
CITIzen
CLEIDE
CMR1829
CSABH11
CaR27567
Camila
Carlos30so
Cassi026
Changes09
Chico204
Cibele
D.OSyd
DARLAN
DENICA
DEUSFIEL
DG5823
DGV22051934
DLTAuF
DM2224
DMsxS5
DOUGLASRANGELL02121990
DR/ROG
DUDA1006
DUNDUN10
DXbbQk
DZEavA
Daniel2007
Deck3500
Delicia1000
Det1MU
Deus321340ad
Dmtm6825
Dubidubi01
E85643610
EAB1177
ED26ED22
EDILINDA
EFM2008
ELIANE44
EMlzzq
ESCOLA
ESSEVI
EUZEBIO
Elo2411
EmXL4M
Enzo
Exigent
F3KX2
FAEJO
FC2009
FCPORTO47
FE1507
FEA281608
FEIOSA
FFb9bX
FILOSOFIA
FREDERICO
FT..f4
Fabi2005
Fabiana
Faul2211
Felicidade
Filipe
Fitz1000
Fm332007
G8358742
GABI24
GABIZINHA
GABRIEL
GD0103899
GERSON80
GIANLUCCA
GIFA2509
GILBERTO
GINA2012
GIULIO2222
GL7529
GLukacs!
GOES2510
GTmDTA
GUSTAVO
GXHsbr
Gaivota108
Gde9911tarci
Gq6OXw
Gustavo
HARMONIA
HENRIQUE12
HZFi62
I.IrTe
I/oj4I
IANYUJI
Icculoc#
Internete
Isabella
Ivete85
J1h2M3a4
J1q8Ww
J230981c
JA020357
JESUS
JFP697111
JOCANITA
JORGE10
JOSA1958
JOSI72
JRpx38del
JUNIOR
Jane*2008
Jc4525
Jesus657
JmeVWJ
Josyellen
Julio2011
KARINA
KBv5qJ
KELLIN
KWB9Z1JV
Kalel008
Kika02
Kiki2004
L.a8162
L497407M
LAINA5603
LCC2007
LDk.wp
LPMACEDO
LUCIANE
LUCIMAR
LUFASI36
LUIS64GOMES
LUIZA
Leo0110
Linda
Lopes2004
Lorena
Lq13p8
Lt130307
Lupitoto
M145C267
MA0812
MA1CA1MI
MANNETA
MANUELA
MARIALULU
MARILIA
MARISA
MBCOMP622173685280
MELECA
MFA455610
MMpp11
MORENA
MORGANA
MU4Zlp
Majoli2010
Mamor123
Marcelina
Marcinha17
MariaClara
Matam/
Matheus
Mcdi00
MdTLmF
Merzhausen
N2MybJ
NANDA
NASAgu123
NAnfko54NA
Nekoszsz
Nl021519
NxoQrZ
O5HL/c
OA5599
OEFWsO
OOwpbT
ORIGINAL08
ORKC6f
P8y0W6
PAINOSSO
PAQUINHA
PAULO2013
PH7511
PIASTRA
PNhloX
PQVgga522
PRIMAV99
PROMED
PalomarPalomar
Pettit
Piggy
PuFFmania
Q.7enj
QCqOx6
QGN4jM
QQ9N3T
QYQC3d
QkJB1W
Quixeramobim
R2D2,C3PO
R571524
RAPH97
README
REI007
REITELMITI
REVENDEDOR
RICARDO1
RICK11
ROSE
RTY/UN
Ramon04
Raport
Rd3002
Riv@10
Rt051009
S778899L
SAP9517
SAt/mE
SEMA01
SENHOR
SHARON
SILOTTI1
SILVIO
SIMONE08
SISTEMAS
SMART23
SONHO
SOUBISAVO32345262
SPITFIRE3
SQp050
Samuel
Scc061163
Sembia
SfO03121985
Shakkoumon
Silv2010
Sol227
Sonysexo
Sucesso
Swyy2B
TATARORO
TATAY1
TEAMO25
THONY
TPV
TR54FY82
Tamorreu321+
Tayna1234
TelinoCabral
Tf/H9a
Tffdf7
Thisby
Toca2cm
UII
Unifenas01
VAGRANT
VASCOOBOM
VASCSI
VBO1019
VDLQkJ
VINICIUS11MARIO
VOMARINA
Va411523
Vanessa
Vh/L78
Vida1223
Vndy3ojg
W.MNAv
W28/y9
WO.arA
Walter
WsafQT
X1694
Xambinho
XoWAxI2/
XyvycC
ZBruce01
ZENERR
ZEZICO
ZS6048
ZTIR33
Zucra4507
a015740
a060287
a1234567
a123s
a138806a
a1490d
a180981
a1948r
a1980n
a1a2a3
a1b2c3d4e5
a1b2c3d4e5f6m
a1m9a5d3
a1s2d3f4
a1s2i3e4l5f6
a1u2r3i4
a2011732
a246810b
a260832
a2nbrkk
a2q4x6p9
a2r1l3
a308130b
a3108
a33b20
a50567116
a50905x
a5drpsyb
a71994
a7kn43
a8s8d8f8
aa...wt.
aa007201
aa040393aa
aa1811
aa5152
aajjberppj
aajjff
ab1234
ab1802
abacabb191084
abacax1
abacaxi
abacaxi1957
abacbbq
abad07
abc1101
abc23319
abc654321
abcdef
abdelsp
abedenego
abel01
abelha
abelha34
abgd001
abggba020790
abigail1
ablnaps8501
abmt8991
absolute
abuso
ac1378x
ac2102
ac3p35tw
acaaca
acarlos
acb250571
ace1284
acmc1405
acn.7q
acoci97
aconcagua
aconchego65
acrhsmf
acrpai52
acsb05
acss1250
acurti
ad1701
ad213258
ad430c
ada0095
adad
adagasom
adbhjued
adc7xpsmna1177
ade0206
adelaide
ademario
ademarsantan
aden1408
aderbal
adg0108
adib
adilson100798
adinho
adjiem
adm2010
admilson
admin1
adolpho1
adolpho999
adonay33
adoracao
adoracaoaopai
adoro169
adr1an
adrado1
adrecal47
adrenalina
adrf3132
adri111806
adri1234
adri19
adri2328
adri6124
adriana
adrianinho10
adriano20
adriano25
adrianoadria
adrielimara
adrielle
adrigusta
adryas
adsfgb16
adsl1234
advogado
advvss
adylidiane
ae1207
aeciomarinho
aem1603
afar25
afc123
afgosizx
afonsom
afrodite
afrodity
afs002
afs873
aft380
ag933602
agatha
aglefilho
agm1345
agnaldo
agnusdei
agosto
agraplast
aguia55
aguia6
aguias
ah9385
ahb4792
aidime
aig222830
aikafe01
aj131106
aj1976
aj2nui6rpiwj
ajato123
ajc2424
ajf8621
ajvhx67
akb2808
akeciosilva
akemi1
akira1
akire
al0406
al151291
al27121982
al290101
alaciden
alan1983
albanir
albatroz
albatroz159
albyukio
alca10
alcatel
ald0120ald
alde44mi55ro
aldeb
ale0120ale
ale09
ale123456
ale1704
ale2010270191
ale22
ale2523
alecrim411
aleeana12
alegra
alegre
alegria*
aleinad
aleixo55
alema07
alemoa
alencar
ales14
alessandro
alesson
alex
alex111956
alex1976
alex31
alexamor
alexan95
alexder
alexgay
alexia25
alexia7
alexms
alfa0203
alfa2000
alfredolima
algodao
alias7
alice
alice01
alice6
aline
aline038
aline1
aline123
alipio
alissondougl
allan205
alland
allende
allice
alma98
almeid
almeida
almeida2
almir
alonenotarey
alonso
alpe123
alpesbuffet
alpha15
alquimia25
altair17
altair1994
alterar123
alves
alves09
alves321
alves70
alvinho
alvorada
alw1576
aly5sson
alysson061294
alzi11
alzir100
alzrsz
am0710
am1305
am1307
am471ra1967
ama0120ama
amaa10
amadeus
amado
amanda10
amanda11
amanda13
amandaalvino
amantino1929
amato22
amca15
amd6027amd
amelo28
america
americaflamengo
amesma
ametista
amg2006
amigo
amigosdaemilly
amirati39
amitaf
amizade
amizadereal
amm13
ammiammi
amo1916
amo4912
amoadmilsonenathalia
amobagarai
amomusica
amor
amor01
amor0909
amor15
amor181412
amor2002
amor2004
amor2425
amora1966
amorc3333
amordedeus
amore
amoremio
amores01
amores2
amoresexo
amorjovem
amorosa
amorparasempre
amorperd
amorperfei
amorsodemae
amosapatos
amotodas
ampvdj1427
ams0401
ams3465
amsfisio
amsjr5
amycat
amylee13
amyleefelipe
an123dr
an6777an
an864ri0
ana061163
ana1002
ana1528
ana2006
ana23som
ana2706
ana310798
ana6915
anaana
anabel
anabel09
anabel19
anacarla123
anacarolina01
anaeuteamomaisqdemais
anag2009
anaile
anajulia12
analarajorgete2000
anale
analua
analuisa
anamariana
anamat
anameira
anap30
anapaula19
anasecco
anatomico
and1234
andcris
anderson19
andlui
andre
andre07
andre27
andre3
andre350
andreco
andressagataloka
andret
andrey
andreyvictor
andreza
andrezinho01
andriele.delly95
androide
andromeda
ane4422
anecino@000
ang0120ang
angel045
angela&$
angela154
angeles
angelina
angelotavares
angels01
angola
angra00
ani231085
aninha123456789
anjelical
anjo
anjo05
anjo1234
anjo89
anjos&cia
anlume
annaalice
annacarolina
annalu
anne230484
anniefadas
ano1983
ano2010
anos60
anselmo
ant7798
anthony
antigone
antoniasantana
antonio
antonio2
antonio9
antoniosilva
antunes
anubis
anunciata
anzuca
ap041115
apaecabreu
apb1957
apc1994z
apineia33
apms20
apoca22649
apocalipse
apollo
apollo214
apolo1
apolo11
apsolhasa
aqqj23
aquariodebanana
aquatrat
aquela
aquila
aquino
ar0565
ar260595
arabela
aranha
araujo
araujo07
araujo1309
arbjss1516
arc2633
arcadenoe
arcanjo
arcanjos
arcano
arebaba26091994s2
argentina
argh
argonauto
ariel
ariellen
arilson
ariott
aristotele
arm30jws
armrend
aromatico
arq8551
arquivox
arrombado1
arte2010
arte74123
artefato
arteleve
artesanato
arthur1117
artur333
arturo
arygi
as10p0rtas
as339ar41
asb1978
asb882063asb
asdf27
asdfghjkl
asdrubal
asdrubols
aso1980
aspirado90
aspirina
assenav1
astor4005
astrasedan
asus4
at040385
at2108
at3636
atecub
athenas
athlete
atila
atistab
atletico
atletico2503
atleticomg
atlopes1
atp
atto161616
atzc04
aud0120aud
augustob
aul8916
aurens
aurora
auto05
avalom
avec54
avenida
aventura
avila1
avj7nw9z
avlis123
avoMBMLU
avozdafe
avpa1978
awanne09
aylana
aysso7
az1414
azaholla
azeite82
azilepica
azteka28
azul11
azulaa
b1bbello001993
b2amaping
b2e5a9t7
b41yxw
b4m2v2b7
b55555
b5Syqb
bE.N8u
babe7642
babi2008
bacabal
baguete
bahianofrench
baiafro
baiana
baiano4567
bailarina
baitak
balada23
baladecanela
balan
balbi
ballet
bambina
banco98
bandura
banhas
banhoetosa
bankhave
banqueta
baq985
bar222
baraunas
barb1128
barbara20
barcelona
barsama3
basotti
batatinha
batavo
batera
batera01
batista
bauru2008
bb000666
bb3400
bbbbtata
bbedson04051
bbethinha
bboyrodrigo
bbzao19931206
bd290171
bdc01245121
bearkel1234
bearshare
bebado
bebado01
bebe21
bebece
bebeco14
bebel
bebell
bebezinho
bedbugs
bee2008
beep1000
bela1308
bela23
bela35
belcanto
beleza
belina
belinha120809
belinha171867
belitosa
bella10
bellinha
belloli35
belo
belo31
bene1963
benecar
benimaru
benjy
bentinho
bentivi45
benur
benvinda
benzao
bequilhas
berga123
beri1234
berinjela
berto44
bet0120bet
bet186
beta
beta2002
betao
bete1602
beto00
beto05
beto100
beto2004
betoca
bezinhacristina
bfe203
bgk4657
bgk698
bh2000
bh90210
bhlegal123
bia126
bia1999
bia2006
bia300308
bia3064
biabelbet
biaenando
biajr04
bianca2006
bibi
bibi1305
bibi1986
bibieca
bibizinha
biblioteconomia8
bicalho
bichao
biel1001
bielabibi542stronda
big3555
bigbig
bigboss4449
bignet
bigode
bigolas1
bigolingay
bigsom1987
biih150193
biju1901
bijuzinho
bilau
bili1912
biluca
bina99
binacional
bingo76
binho2301
bio2011
biobia
biologia2313
biquinha
bira21
bird261967
biriba
birobiro
biscoito
bitencourt
bitoca
bivisrocha
biz2008
bizuguinha
bj1808
bj4352
bjn9923
black005
blebru
blink182
blondie
blueday
blumenau1952
blv006
bm050708
bmb389178873
bnabna
bnm2008
bnt1299
bo7686751361
boanoite98
bobinho
bobted
bofes69
boilaralob
bojan
bol123
bola10
bola1234
bolas
boleta1
bomber27
bombermaster
bombtrack
bomretiro
bomsenso
bonheur72
boni74
bonin123
bonita
bonito10
boogie
borel20
borim.66
boris1995
botas
boto10
botsuana
botucatu
boturussu1598
boulevard
bovj17
boyp19
bps08
br1622
br200955
br840514
bra160
brabrabra
bradesco
branacom
branca
branco
brandworks
branhan1
branquinhali
brasil2
brasil2007
brasileiri
brasilmaior
brc0120brc
breakup1
brenda
brenda02
brendotail
brenninho
breno9905278
brida
brielle
brilho
brincadeira
brincadeiralegal
brincar01
brindes
brinquedos
brisa25
brn1965
brokenup
brpc1500
brs2009
brtoi1005
bru0120bru
bru18no09
bru3623
bru421
bruisa
brum99
brun200988
brun2704
brunadantas
bruninha
bruninha10
bruninho
bruninho3
brunna
bruno
bruno123
bruno164
bruno17
bruno18
bruno2
bruno3236081
brunoepedro
brunus
bruxa12
bruxinha
buceta69
bucetaonline2006
buddy
buffet
bujumbura
bunda4
bunda54
burra12
burro
butterfly
buzica
bvUqxw
bvb7631
bwfn2tvr
bylu76714
bynebyne3112
bzvqno
c032203c
c03cfac
c071078
c14n26n7
c171098a
c1c3r010
c1l2a3r4a5
c33ddkd8
c3r3al
c43sx
c43sx06
c4r15t1na
c5Af68
c6j3s1977
c776000
ca0971
ca160800
ca1ma2
ca211271
ca2605
ca2729
ca3248
cabel
cabelos
cabernet
cabumkids
cac0120cac
cac1580
caca007
caca0606
caca197430
cacatua
cacau
cacau123
cacaue
cachorro
caciagilda
cada1622
cadaniel
cadastro
cadeira
caduda77cu
caesa10
cafifa22
cafla20
caio
caio1101
caio123
caio1989
caio70
caiocb
caiocesar160
caixa27
caju2258
cal55283
calc21
caldas
calhisufes
calibaju
caline
calini
calmadede
calnc1
calua
calypso
cama
camburao
camelo
camelo01
cami
camila01
camila12
camila26
camilaluizamauro
camisa
canarana
candido
caneta09
canhoto
canoas
canopy
cantador
cantares
cao2110
cap232ex
capacete
capote5
caps2520
car03nav
car1956
car2003
car2908
caracol
caraja02
caralho
carandiru
caras2
carbono
carcara
care270367
careca
carhenralves
carine123
carinho2
carinhoso
carinhoso33
carioca
carirafa
carlinha
carlinhos
carlos,mei
carlos.poderoso
carlos1
carlos10
carlos1028
carlos1980
carlos1991
carlos2010
carlos59
carlosalexan
carloscesar
carmari37
carmela
carmelu
carmem
carmen
carmosinar
carne123
caroca
carol
carol*94
carol12
carol123
carol1234
carol99048800621
carol@2003
carola01
carolcahh
carolewillian
carolinacamila
caroll
carolyasmin
carpediem
carpinteiro
carrasco
carreiro
carro
carros15
carta4
carter
cartoy5
carvalh0
carvalho60
carvalho69
cas091295
casa01
casa10
casa12
casa13
casa1451
casa17
casa1964
casa710
casa76
casaco
casademozart
casado
casamento
casanova
casarao
cascade
casinha
caslfw
casper
caspita
cassete
cassia123
castel99
castor
castor982010
cat-dog222
cat123
cat135
cat804
catangel
catcat
cate
catfurtado007
cathile
catita78
catraca
catsdogs
catutoho
caua10
cauj36
cav3004
cavalo02
cavalo22
caverna
caviju
cb30101949
cbajrg
cbd5809
cbga2398
cbmro193
cc0071
cc483847
ccb1204
ccc123
ccc1979
ccim
cd181022
cdlspc
cdm450
cdq74bn
cdval7
ce#36bola
ce201205
ce9838
cebola
cebola32
cebolaalho
cec1000
cece
ceci60
cecilia1
celcelcel
celer24
celeste
celino
celio25
celke
celle06
celm59
celular1
celvic
cenoura10
cenoura123
center
central5
cer14087
cereja
cervas
cesar05
cesar1965
cescon
cf2311
cfs06050605
cg711832
cgjung
cgmomt
cgpp20
ch301177
chAWnn
cha1519
chacal
chacara35
chalegre
chamex5
chanca
chanel
chapolin85645693
chatice
chaturanga001
chavakiah
chcdg10
cheguevara
cheiro
chenene
cherry
chico35
chiquinho79
chocolate
chokito09
cholinho
chrislanyaeluansantana25
chrisostomo2010
christie08
chul
chupar
ci4b2500
cicita
cid5169
cida290576
cida5492
cidinha
ciencias
ciferal2008
cigana
cigano27
cilla1911
cimento
cinco5
cinderela
cineloveit
cinema
cinemi
cinthia3
cintia28
cintiapedro
ciontc00
cioydz
ciranda
cirlene
ciscoo
civil
cj23492349
cjf7511
ckj110294
cl112203
cl1972
cl2007
cl675313ca
cla21312
cla223
cla6241
clarice
clarifoda
clarinha
clarissa
clau1527
clau66
claudia
claudia01
claudia123
claudiakakau
claudilei
claudio1
claudio10
clb0707
cle2516
clea27
clearence
cledia23
cleiaeisela
cleopatra
cleu
cleuzak
click123
clixias2
clm1313
clockhouse
cloud07sora
clpiru
cm220527
cm3719
cmou24
cmsigu
cng2908
cnhdapaz2012
cobra123
cobrajunior
coca2002
cocacola
codigo2
coelho1703
cognac
coisaridicula
cole24
colegioaz
coliseu
colorada
comando86
comemorativo
compaq1
comprar
compras00
comprasfuncamp
computacao
comsousa
comuna
concadario
conceicao
condeuba
confort
confortavel
conosco
conquista
conrado
conselho
constantina
consuelo10
contato24
contolisi
coracy
coragem
corina
corinthi
corneta
corneta17
cornucopia
correia1976
correios10.
cortaopau
coruja
cos784512
costa1
costasul2401
costuras123
cota271901
country
coutinho
cozer23
cp887174
cpanel951
cpbr6185
cpe001
cpf12
cpf706
cpm022
cpm22
cppa01
cq96px6t
cr0310
cr221713
cr4869
cracatoa
cras17
cravocanela
crcg
cred123
creo12
cresti
cretina
crg6262
cri-a-y
cricri
crikaccl
cris
cris1959
cristalvascao166
cristiano
cristo34
critica7
cromo99
crowsing4628
crr2009
crss32
cruz19
cs1960
cs3849
ctetra
ctm1972
cubana0
culnav7is
cupolillo
curitiba09
curvelo
cwr132728
cyn2003
d020m030
d031077g
d03m07
d03m09
d04m09
d06m06
d11m10
d1276
d14m06
d14m07
d1598741
d16m05
d16m07
d16m10
d1d2j3
d1n2h3
d200191s
d20072.0b
d22m03
d22m07
d29m07
d29m12
d2gn85ct
d30m06
d31m01
d31m05
d32r24s1
d4ickens
d4n1l0
d4u4b2
d5j0c3n1
d6zft6t
d731301
d798630
d8m2a84
d9u4c8
dWyeEY
da129612
da97045030
dadada
dadaflavia
dadara10
daewoo
daialyh
daiane
daira
daki4677
dalexandre
dalva945
damadeouro
damasio
danca2002
dandarau
dani
dani01
dani0308
dani128573
dani1991
dani2410
dani82
danicerb
danico02
daniel45
daniel666
daniela441
danielle
danielro123
danilo23
daninhofranc
dantas26
dany04
dany201293
danydigo
daq15451
dara123
dark1991
dark3275
das19890
dasilva941994
data1963
daulod09
davi02
davi123456
davi1985
davi22
daviara
david200
david98
davide08
davielucas
davigabriel
davijo
dayane
db774411
dbe12345
dbe2308
dbf0875
dbp111728111978
dbrenata
dc120780
dc182256
dc1971
dcalaz69
dcarli2
dcd9298
dcf1603
ddf123
de1712
de200881
deadisland80
debora
debora12
deboral
debridamento2009
decaboa
decomyplace
decorando
dede12
dede123456789
dede200
dedinha
def0120def
degrade
deidara12345
deise1
deivesonteamo
deizividu
dejanira
dejuvi
delh141312
delicia
dellgis177
deluxe
demi8702
demoboeira
dendida
dengoso
dennis79
dentes1
derende
deroca
des4386
descent
desenho
despertar
detroidy
deus0369
deus2000
deus22
deus2202
deus777
deusa200
deusaclio
deusamor
deuscomigo
deusedez
deusefiel
deusemeujuiz20
deusetudo
deutsch
devama03
devotosf
deyvison
dfa211168
dgtb1971
di2805mi
dia0120dia
dia15
dia19
diantedotron
diario
dias1955
dias3008
dias8523
dico82
dida1303
dida2011
dida2377
didangela
didapet
didi11
didi12
didio01
die99999
died2006
diego10
diego1607
diego24
diegoef1
diegoleis
dierka
diferente
differencial
dificil35
digital2012
digo20
diguinho29019129
dilpaes
dim4912DIM
dimango
dimi2105
dimijunior
dimimodi
dinamiko
dinda378
dindinha
dinei191085
ding279
dinho10
dinho55
dino2005
diodio
diog2007
diogenes
diogo07
diogo123
diovanna
diplomata
dirceu
direito
direitovideira
dirtty
discover
diss3030
ditolvo
diva689
diversos
divist80
dj1r4z
dj81460501dj
djair8736
djlipe4823
djwillyamcp
dm6323
dmlp210360
dmv7648
dn091019
dnY515
dnc1724589
dney7197
dninha
dnl398
doce0640
docinho
doga123
dogdog
doguinha
dolares
dolores
dolores678
dominguesynrs
dominus
doninha
donioliveira
doohan
dopey
doradora
doremifa12
doris
dorothy
doss1234
douglas
douglas07
douglasnunne
dpb24357
dpi07vid
dragao234
dragoon
drajus32132162
drala0
draupadi
dri1305
dri9164
drica21
drikannn
drizinha
drumer1982
drums
drymendes221297
ds981357
dsb8910
dsl500g
dt121047
dt2701
dti2009
duanda40
ducao008
ducarmo
ducler1
dud0120dud
duda09
duda1234
duda2010
duda210814
duda2109
duda23
duda500
dudatorezani
dudinha
dudu00
dudu03
dudu1234
dudu16
dudu89429
dududu
duduti
dufaim07
duhd60
dulce
dulcimarcarlos
dumianagui1
dunina
duto1427
dutra1953
dutra47
dxui27
dxx1400@
e026ny
e0hGvM
e12257
e125632ta
e1d2j3o4
e21r71a
e2c1l4r9
e6a2a3
e86649
e970466
ea200292
eaceem
ean196818
easyrider
eba0709
ebe0120ebe
ec454545
econ9787
economia
ecsadm
ed190603
eda1206
eder90
edewal22
edga123456
edi
edi001
edi0120edi
edi647
edicarla
edinamara10
edinho
edjaneechico
edligia
edmilsonma
ednabella
ednael
edneyeuamovoce
edroane
edson1111
edson8836
edu1029
edu1988
edu2009
edu78rj
eduarda10
eduardinha
eduardo0610
eduardo1
eduardon
educacao
edufer50
eduinf
eduribal
edvanildo
edy2247
edynho
eeecccmmm
eeeee
eegh27
eepjpl
eeusouobozo
efb170466
effe
efibeto1958
efmvpjyq
egito
ehschr
eikten
eipg39
eisen12
ejj3fh58
eka263
el4164
ela1519
elabella
elaine10
elamefazbem
elbaramalho
elbc60
ele0120ele
elefante
elegans
eli158
elianasilva
elias
elis1537
elis2011
elisa1
elisa99
elisab
elisangela
elivelton100
elizangeladasilva
eloy6287
els05514
em2112
emanuele
emanuelle
emarin07
ematha
eme0120eme
emergencia
emerson03081
emersonferre
emfe97ea
emilly
emillyvic
emocore13
emoxinho.
emporio2010
emprego
emyedu
encantado
energy
energy16
enilusaman
enoimreh
enrique1
enzo2007
enzofon
enzolindo
enzoza
eq0485
eqs2047
equipoflor
er01cris
eratrp
ergonomia
erib39
erica1
erica123
erickaugusto
erika13
erikzinho
erquioche198
erro1224
erudito7
ervadoce
es0304
esc1966
escada
escena
escola66
escoladomu
escolas
escorpiao
esetrm
esfera16
eskeci
eskeciminhasenha
esmalteamarelo
espa
espanha
espanol
espinosa
esqueci
esqvtale
est040
estadosunido
estcy
estela
estermoc
estetica
estoucomdeus.
estrelas
estrella
estrellass
estudante
estudare+
et105368
etelas
eterna
eternamente
eterno01
etgx79
ethisp
etnoguy
eto001
etronut22
eu0732
eu1975
eu200688
eu2633
eua01
euadorofresno
euamoalivia
euamoamelissaeasusanne
euamomaisvc
euamomuitoaline123
euamothesims
euassistieclipse
eudes2011
eueu_123gui
eugremistamesmo
eumeamomaisq
eusou+eu
eusougato224
eusouhenriqu
eusoumaiseu
eusoumuitofeliz
eusousafada
euteamo12
eutelouvarei
evas1973
eve
eveguedes
evellyn
evelyn
ever-aldo
ever88
evertonf
evs5168
expedito
extrela
exu0120exu
eyes5700
eyler311279
eze1967
ezequiel
f0c2a01
f12101987
f12g21
f1402982
f18n06s95
f1j5h4
f1r2k2
f240889543o
f2l1p4
f2milll
f369963@2100
f39898
f4k3boy
f4rm4c14
f54321
f5c2d3
f5s643
f69d5a
fOPF1111585!
fWDVDD
fa1059
fa152533
fa3131
fa969264
fab1991
fabinho
fabio
fabio2009
fabio2304
fabio245
fabio506
fabio914
fabioa20b40
fabiofestas
fabuloso
facul2013
fadfad
fael337
fafitas
falioni
faloolapi
fama182
familia369
familia5
familiafuze
famius11
fanca27
fanikita
fantasma
far25111981
faria1103
farore
fat197
fatac56
fati12
fati2007
fatima58
fatinha
favarojr
fazdiconta
fc202986
fc933hs
fcalves
fcos300888
fcs2525
fd121820
fdborges
fe0010
fe100679
fe10bu06
fe10lipe
fe1507
fe1974
fe24li01pe94
fe2528
fe4ever
feLViB
fediczko
fefjey7x
fehe2025
fei10osa
feijao
feijaopreton
felicia
feliciano
felicidade
felicidade159
felicidade1981
felicidade22G
felicidadee1
felike
felino13
felipe03
felipe20
felipe21890
felipe23
felipegato
felipematutu123
felipenak91528779
felipenues
felipesouza
felix
felix7
feliz
fellipemelo25
fender1584
feninedessa
fenix80
fer00270
fer123
fer12345678
fer1968
fer3176
fer7878
ferdelho
fereso
ferlefer
fermafer
fernanda08
fernandacoimbra
fernandinha
fernando101278
fernando1233
ferreira
ferreirajf
ferrus
festa
festa9
festas1000
festcollor
fev1994
ff4840
fgh4447es
fgkizelevicius
fhcm10
fico23
fifa2010
fika2210
fika29
filho07
filho6
filho78
filhodaputa
filhos
filipearion
filo27
filomena
filomena.geo
filosofar
finasa30
fiq7kpg6jvu3
fiquei45
fiquelivre27
firjan
firmeza
fitforma
fj03mf
fl@v!nha
fla1303
fla987654
flagam
flanando64
flapenta
flav1703
flav5543
flavia1313
flaviane10
flaviaxavier
flavinhamg
flaviteamo07
flexibilidad
fliken0900
flor
flor1
flor29
flor2x3
flor3viole
flores
florida
floydpink
flusao
fm1504
fm180179
fmj443
fmt2002
fmyuri11
fn@ndo
fnTbana1
fnqx56
foco33
fodase
fofifofi
fofinho
fofolete
foikosbio
fonseca
fop1310
foquinha
forasteiro
fordca
forever1987
forever58
formed31
formiga
forossi
fortal
fortaleza
forte686
fortes
fortuna7
fortunaemma
fox171
fox3008
fox3213
fox8099
foxpreto
fraissat234
fran3325
fran71
franci
francielesa
francisco
francisco154
francop
frande20
franfran
frango
fred07
fred19
fredvi
fredyn
freiss
freitas15
fresno12
freud28
friend
fritada
frmfw9
frms5014
frosch01
frosinhas
frutas
fsb123
fsm1707
fsn1023
fso54
ftcftc
fu2009
fu67naka
fugitivo
fuidarumrole
funny454
furacao
fusca
fusca12
futbasp12
futebol
futebol01
futuro
futuro20
fuzakero
fuzileiro
fv0804
fxcx3cfe
g1e2r3s4o5n6
ga1109
gabba5
gabddi
gabi04
gabi1801
gabi2003
gabi2010
gabidu
gabifofa
gabigabi
gabijp
gabiju
gabilu04
gabriel01
gabriel1
gabriel10
gabriel1296
gabriel2
gabriel2008
gabriel2334
gabriel7
gabrielagata
gabriele
gabriele06
gabrielle
gabrielli02
gabrielzinhoo
gabriielc12
gabryelle
gabyzinhalindinha
gaeltarik
gaivotas
galego
gallo
gallom01
galo13
galogalo
gamekeyr2
gandalf0
gans2083
garb787men445
garcia
garotafika
garoto
gary301
gasparino
gata123
gatiissima
gatildo
gatinha
gatinho
gatinho01
gatinhos.set
gato10
gato8ilha
gatofortal20
gatohelvio
gaucho
gaveta01
gay
gay2008
gay2009
gaysou
gazola
gb2456
gbagbc300
gbka0O
gc123456
gc2608
gcc210587
ge2020ge
ge8775
ge9009
gean2
geanegean
gec0120gec
geca
gedeon
geducama
gehena
geisiane
geladeira
geleia20
gelesasa
gemeos2
generalcoron
genius
genius22
geniv123
geografia1
george01
geovanne2508
gera3064
geraldo
geraldo1
geraldoejoseilda
gercineide
germana
germana@rosi
geuvane
gfaneto
gfblkc
gflb57
gfp19
ggds07
ggs100
ghcvbb88
gi29jb05
giba1
giba3108
gicaquipo
gifa2509
gig0120gig
gigcosta
giggios2
gigi
gigica621
gil1080
gilberto
gilm1980
gilmar
gilsob
gilson26
gilsoncab
gilvania
gino.duo
gio1109
gio1964
gira920
girassol
gisela
giselda
gisele
giselle
giselle85
giselli1980
gisivai
giugiu2005
giuliabb
giva0101
giva7587
givigatto
gjfk14
gjmv2312
gjqioxdaniel92sete
gkr2729
gl15961
gl3700
glap139
glaucecrea
glaucio
glb5833
gleici26
globo1
glock9mm
gloria
gloxinea17
gm2414
gm2704
gma0206
gmor223
gnocchi
go65bbi
godfather
gogozinho
goguirio
gohan5
goiaba123
goiabinha
gol123
golgts
gollum13
gomes
gomesoliveira
gone424shin202
gonzalez
gordinha
gostos
gostosa
gostosao
gostoso7
gota9899
gotosona
gpl3008
gr721207
gracielle,7
gracinha
grampola
grande21
grapara0
grazielly
grb1623
grecia
gregory...
gremio01
gremio1903
gremiofbpa
gremista
greysanato
grupo1020
gsam29
gsilv
gsk123
gsm900
gts123
gts123gts
guaita
guerreirosmo
guga12
guga12345
guga9700
gugaguga
gugu01
gugu13
gugu1403
guguto2010
gui0103
gui0120gui
gui0314
gui081294
gui100
gui230186
gui2812
gui4973
gui940415
guiesf93
guiga
guigas
guigo
guigo15
guigui1312
guiguigui
guilherme1999
guilhermecf
guilt1
guiluk00
guimaraes
guinho
guirafa
guisava
guiti1516
gumaci
gunsrose
gurbap01
gururu
gusfil
gusma7
gust19
gustabom
gustavo1
gustavo12
gustavo123
gustavo99209515
guto02
gutoduda
gutofranca
guzimba
gvf007
gvwxxlob
gwv2003
gync76
gysa74
h3005c
h7u6m2
h8p16d4
h9y8a6
hRD26U
hadisi1790
haha031293
hahahaha
hair867gust431
hal9000
halisson23
hallan18
hanabi
hancln_post1
hangar
hanishimura
hao31280
happy37
hardcore16
harmonia
hatus
hb12,4
hb6058
hc9731
heartshapedglasses
heavymetal
heberty
hei0609
heitor12
heitor151004
hel31may
helaynebessa
helena52
heliges
helio2012
helioneto
hellen77
hellokit
heloisam
heloise10
henri1
henrico&enzo
henriquanderson
henrique22
henriqueanderson
henriquebim17
hepaju03
hercules
herh81
herick28
herlygomes
hesse01
hf1234
hf1297
hfHVjx
hgiy70
hh290176hh
hhx1061
hia8260
hiago0123
hiagos
hidro2010
hidroxiprolina
higlus158
higolu
higortonapista13
hipercard
hiranaugusto
hispania
historiador
hlp951
hm1711
hmc1530
hmg495f
hmp7753
hogcomercial
hoje1009
hojeanoite
home100
homensgostos
homero
honda
honda000
hop460judo398
hortencia
hot1010
hot20
hotbomba
hotdog
hpc031413hpc
hpt1767
hpx412
hreb47
hs01049
hs171717
hubert
huckju
hud008963son
hudhud
hug0120hug
hugo123
hugo123456
humanas
humildade
hwf2618
hwg0216
i1t2s3
i3y9n6x2
i661510c
iML7im
ia251082
iana4ever
iara1402
iarajubia
iaveh
iaymeu1355
ib170398
ib1709
ibanez
ibd5533
ibirite
ibv235
ic150480
icarowi
ice180797
iceman
icfb09
iclefl
icnann166201
icv1978
ideale43
idemax1201
ieb1335
ietano29
ieve50
ifo0907
igna4956
igor04
igor123427
igor15
igor1997.com
igor1998
igreja
igrejaaguaviva
iguinho220606
iif4420
iin0046
iklr89
ikup69
iloveyou1994
ilzaferre12
im2708
imelda
imirara
import01
imunolog
inacio8
incor04
incredula
indira
indonesia
ines
ines50
inesul
infa2320
infantil
inflavel
ingrid10
ingridezani
inho1712
injecaodeanimo
inkjet123
inlove
inovarfika
inri4229
insejec
inteligenc
interior
internacio
internet
intrusa
inverno
iota23
ipac1pet2
ipanema360
ipli80
ippvnn
ipromulo
iracema
iracildaejoa
ire1978
irene123
irenefilo
ireninha
irisguimaraes
irisvictorjose
ironmaiden
isa
isa085
isabel
isabel3024
isabel46
isabelita
isabella
isabelluis
isabelly
isabergh
isacaprometi
isalaias
isalu44
isatkm580
isb1311
isb2785
isinha88
isis2007
islebeatriz
ismael0311
iso2211
iso9002
isp182530
iss0212
iss27
iss2727
ita123
ita2122
itaipava
italia
italia10
italiano
italinea
itamar
itaporanga
itera158
itzsot
iudisneia
ivan1212
ivan21
ives070604
ivm1990
ivtec1529
iwanttosee
iza123
iza14gi15
izanel
izaque741235689
j.lopez
j.vmeuamor
j081265
j15r10
j23r11c20m10
j3susamado
j51f51j21
j5i3be
j854565
j99898Sena
jMHTA8
jOW60N
jVCBBA
ja130990
ja1406
jabjab10
jaborandi
jac0120jac
jacare44
jacarei2
jacibo17
jack3108
jackie81
jacqueline
jacutinga
jad0808
jade07
jade2011
jader1
jaderr
jaderson27
jadson
jaf051272
jafo
jain74
jair99
jairo198
jajaja
jak123
jakejakita
jala18
jalusa
jamelao
james
jamily
jana1977
jana25
jana75
janajanajana
jane17
jane2008
jane30
janebrasil**
janela
janeliz
janet533
janine
jararaca
jardimparaiso
jasu4959
jatyrmaros
javali92
jazierison
jb334334
jbonline
jbsnsa
jc132238
jc3110
jc598_@52
jc823470
jcjire
jclc1955
jcrhot
jdadah
jdanic
jdc9181
jds100jd
jean23
jef123
jefsex01
jejr1711
jeln5061
jenf19
jerry123
jes0120jes
jessicacostateamo
jessicaprincesa
jessik
jessimodel
jesus01
jesus10
jesus2011
jesus33
jesuscristo
jesusforever
jesusvive
jet2222
jezinha12345
jf2003
jfloteria
jg090902
jgbruni
jgcj1iza
jhdjhd
jhephane
jhessica
jhojhom
jhojhom17
jhps32
jiujitsu
jj9090
jjc080787
jjc977
jjdp2008
jjj2323
jjoz9801
jjsa9503
jk233
jkb2810
jkcanopy
jkla2419
jl225536
jlbs04
jlc1305
jlj04283439
jlla230776
jlnn77
jms987
jo196223
jo2811
joao04
joao0462279+.55
joao10
joao12
joao123
joaodede
joaofelipe
joaopaulo
joaopaulocassiano
joaovi
joby51
joca08
joebarreto
joel1405
joelle
joelma
joiara
jojaf131
joju123
jolinasc
jolrel
jomar17
jonas030607
jonas12
jonas@rita2
jonatanp
jonathan1910
jonathancardoso
jopa123
jopabi
jor2468
jor4344
jorge01
jornal1376
jos?123.
jose1012
jose1964
jose7297
jose9102
joseai1
joseeg
josejoyce12
josenelito
josep123
josepha
joshua03
josi251297
josi8865
josie62
josinha
jota05
joy02
joyce2106
jp1005
jp270208
jp5xmarasoll
jpilao
jpjpjp
jpkids
jplima22
jpneto
jps54321
jr050104
jr1104
jr220503
jr251966
jrac1536
jratentovivo
jrl211173
jrmaM876
jrni09
jro1947
jroe49
jrsp
js7fz276
jsjell25
jsn9100
jsv0610
jttq91
ju01ju
ju0711
ju110876
ju123
ju6849
ju96860168
jubilate
juca81
jucasat
juciara
judoca
juiza
juizafederal
juizdefora
juju1906
juju87
jujuasfe
jujuba00
jujubaba
jujubean
jujubinha
jukinha10
juleco
julho
julho10
julho68
juli4
julia08
julia1
julia12
julia120
julia2011
julia31mp
juliabea
juliacms
juliagustavo
juliajuju
juliane
juliangel
julie
juliene
julinhos
julio01
juljul09
julli@
julya2006
julyo1068
juma
juma2974
jumandinha
jundu48
juninho
juninho2
juninhopaixao
junior01
junior2011
junior21
junior22
junior_1
juniorlegal
juniormachado
juntos
juquinha
juracil
jurado
jussaramirtes
justi
jv2008
jv368875
jvb760248126
jvitor
jwa2108
jmuideiotarios
k0409
k1m2n3
k240857x
k7k7k7
k@-2013
ka11the09
ka1234
ka1959
ka23le17
ka999casa
kahena
kailani
kaillan
kaka0203
kaka11
kaka1999
kaka2537
kakaco
kakaroto
kaline12
kalinka
kalley99
kambukira200
kamilla
kamillamatsuo
kananda
karate12
karavan
karencjs
karina1234
karina90
karinacosta
karine
karl08
karla
karlota
karoane22061993
karol2
karol2812
karosa
kart025
kasal1301
kasaluxo
kassioecristiane
kassy
kate07
katherinecamila
katiag
kayllanebarreto
kbcinha
kbfu25
kcardoso
kcire7289
kclgsa
keci01
keka1234
keke10
kekelzinha01
kelen76
keli1975
kellerfeck
kelsen
kelvin23
kempensa
kendy96
kernel
kernel32
keslley
kettygatinha
kevin16
kevin99
khrys50
ki2009
kiara12
kidplay
kijf5761
kika1998
kika44
kikatuca
kiki54
kiko
kiko1955
kiko2009
kiko80
killzone3d
kilquevillanova
kilvya
kimble
kimbo
kimledger
kimodameshi
kinha12345
kir008
kixana
kj142527
kjfq7rz
kk3010
kk45joia
kla123
klctrboby
kleber12
klebinho
klltur
klug84
kod22c
kof23
kokinha
konnic
korea1984
korg100
kosey44
kptppjw
kralho
krika123
krikakrika
kriok1954
krk3188
kronosmaisnew
ks191076
ksa
kscdrummer
ksjvav09
kssiodebemcomavida
kurzweil
kv147733
kwaz0712
kwlenl
kxc65
kxxv31
l080304
l1l1c0
l200117
l20a20
l20f01
l2704d
l2o0v8e7
l48
l8781290
la0409
laaaiis
lac600
lad2598
ladydi
laelefestas
lago
lagoa1
laguns17
laikas
laila
laila1005
lajn1709
lakali
laksmy2008
lala0910
lala1101
lala2flor
lalamemi
lali2214
lambari
lameque
lameritor2331
lamn71
lananicy08
lanasoft
langly
lanlans11101
lanterna
lapa
lapa12
lara789
laranja
laraspsp
lari
lari2009
lariari
larissa01
larissa1
lasanha2006
lasher
latifa
latoya
lau387
laura08
laura100
laura101
laura2006
laura2418
laura86141209
lauraar
lavinia10
laviniaeutea
law0558
layanna
lbhz69
lbr1998
lcbp2008
lcm563056
lcn2502
lcon80
lded04
lds131192
le152535
le223344
lea2307
lea50
leafar
leandro2010
leandro2210
leandro5825
leaodailha
led10234
ledaavg
ledy2001
legal0304
legiao
legiaourbana
legolas
legrand
lei1029
leila1002
leila13
leilaamor
leinad
leitura
leka2001
lelamachado
lele
lele08
leleca
leleco
leleco14
lelegata2010
lelei2911
leleka
lelika03
lelo00
lelove9
lemondrop
lenemq
lenoxx
lentona
leo
leo0120leo
leo0803
leo160989
leo1809
leo2004
leo203040
leo241002
leoa123
leones
leonlopes
leophd16
leopoldino
leosubsede
leozim
leparkourr
lero1007
lestat
let1cia
leticia38
letras
letras2012
leumas
levaggi
lf38720
lf4856
lfa143
lfeu91
lfl2007
lg710e
li18ma12
li1966
li1967
li1969
li28li
liagos
liale
liberade1
liberdade13
liberty
libriana
lica13
lickitung
lidi123
lidiane
lidilsf
ligeiro
lihello
lika2011
lilananda
lili1622
lili2108
lilian80
liliana
liliane1982
lilica10
lilicat
lilidudu
lilinha
lilo12
lilo1ju5
lilu1412
lilulor
lily12
lima1003
lima1234
lima1393
lima1604
lima1971
lima7599
limaalves
limacomvc
limivi4
lin436
linagio4
linda01
linda11
linda123
linda44
lindacasa
lindaeu21
lindamamae
lindinha0881
lindson2009
linhadesombr
lino2010
linzsag
lio0120lio
lioyan12
lipe99
lipisuit
liroca
lisinha
lislaineadriano
lismuniz
litio3
liu
lius1435
liverpool
livia01
livia010
livia1
livia1015
livia123
livre2007
livros
liw217
lixa0033
lixo01
liz9446
liziejunior
ljr3874
lk050206
llg0108
lm0524
lm2000
lmj367
lnk6s3pe
lnl8485
lo9bi9
loba01
lobato
lobinho
locationcost
logan123
loira33
loiras
lojasglobal
lokelslok
loki_ex72
lokisushi
loko123456
loko1970
lomas
london
londrina
lonewolf
lonran
lopes18
lopes230162
lopesalmeida
lor0120lor
lordoftheoaks123
lorena081103
lorenzo
lorenzo1
lote17
lotusss
loukura10
louveira
lovacasdes_oxitona
love1968
loveme010203
loveyou
loveyou2010
lpmacedo
lpokm1230
lppl2000
lps001
lps2405
lpvlpvlpv
lrg158
lsfm030283
lsrt0598
ltca96
lu120855
lu130996
lu160894
lu1919
lu1983
lu1984
lu204590
lu5555
lu625311
lu@fiat
lua0105
lua0910
lua1304
luacheia
luaesol
luan
luana
luana1
luana2107
luanagu
luangostoso
luaninha
luanna
luanova
luanova99500
luansantana123
luc0120luc
luc1202
lucas
lucas01
lucas1
lucas13
lucas1512
lucas20
lucas2006
lucasalda
lucasdiego
lucaspd
lucasramosdecarvalho123
lucass2010
lucasss
lucia
lucia1
luciana006
luciana2
luciane30
luciapss
lucifer
lucila
lucimara
lucio123
luclav
lucres
lucyene
luda2003
lufahe
lufirian
luftal
luigi98
luipe01
luis02
luis99+-
luisa
luisa1
luisburgo44
luisgabriel
luiz00
luiz14
luiza03
luk1987
luke26
lukinhas
lulu00
lulu13
lulu2004
lulu2020
lulu43
lulu6210
lulula
lululu
lumari
lumi123
lumina
lumoreno
luox51
lup95
lupa1612
lupri69
luqtha
lurufato
lusa2008
lusinha
lusitania
luther88
luz0710
luziania
luzinete
luzmar
lv7095
lviana16012010
lvo2140
lw2708
lwmb15
lyfm88
lytsu1
m#25=07
m02k12
m063308w
m13s04s94
m142530
m16199010
m18a09
m1c5h0t6
m1h2b3
m1ls0ns
m1n9l5c1
m22m22
m26c08
m318505e
m3r2l1
m3xl46
m4t4d3m4is
m6ubek9
m7m7f8
m9pxUD
mPdvejc1
ma007007
ma1007
ma160586
ma1911
ma2006
ma2007
ma210277
ma2489
ma25lu17
ma300176
ma348714
mabel
mabugus
mac2021
macacao
macacoloco
macarrao
machado
machador
machine
machos
mack2009
macriedel
macristi
madalinda
madame
madlui
madnut
madonna
madri
madrid01
madrinha
madrinha1972
madsch00
maduro
madyara
mae01pai07eu16
mae123
mae2503
maedavi
maelimichilini99929106
maerainha
maf1207
mafra1
mag0120mag
mag123
magali@1
magalu
magasari28
maggie34
magico
magnat
magnuns2
magnus160613
magode12
magpqn
magrela
magrela123
maicom6687
maikel49.
mainha81
maio1
maiusculo
mal12021955
mala1232
mala1251
malandro
mali1956
malinha
malovi
malu
malu1709
malucdf1
maluna
mam123
mamadri12
mamae
mamaeenina222
mamaepapai
mamalu
mamay23
mambore
mamosa
manara
mancha24
manda0208
mandachuva
mandala
mandioca
mandrake
maneca
mangahpop1
mangamagia77
mania007
mania15
mania9488
maniab20
maniabr
maniabrinquedos456
maniac1501
manialog
manialuka
maniamania
manico123
manilow
mano1302
manoel25
manogabi
manowar
mantenhaorespeito
mantra07
manuela1
manuella
manuelle
manuviana
manzanoo
mapasfa
mapex
mapi1984
mapinguari
mar1234
mar2104
mar22
mar3107
mara12
maracatu
maraeliza
maralopes
maranata
maratona10
marcal40
marcela1976
marcela2
marcelle
marcelo1994
marcelogostoso
marceloq
marcia
marcia1222
marcilene
marcin01
marcinha
marcinho
marcle2007
marco5402
marcoantonioarthurluis2013@
marcos07
marcos12
marcos77
marcos79
marcournauer
marcus
marcy
mareve32
margith
marhel89
mari14081990
mari150998
mari18
mari20
maria08051997
maria1
maria123
maria2011
maria27
maria621
mariaalice
mariaantonia
mariabrinquedos
mariaclara
mariaddkt81
mariadosocorro
mariaedinama
mariaejoao
mariah
mariaj
mariajaque1
mariajose
marialuiza
mariana1928
marianacavalcanti
mariane
mariano
mariapaula
mariaroberta
marias2
mariaxavier
maricota
marido
marieta
marilene
marillu
marilton
mario
mario001
maripic
mariposa
mariquinha
marisco
maritheus
mariza
markitinho
marky0504
marlene
marlley
marlon
marlon1590
marmel
maroca12
maroca59
marqcg
marques93
marrarte
marta
marta12
martha
marticianmaricau
martins22
maru7lan
maruza78
marval
mary.jane
mary322
marybr
maryteamo
marz12am
mass373king660
master10
master12
mat160578
mat227
mata0147
mateamo
mateus1995
matheus81828
matheusesamuel
mathias1993
mau0120mau
mau158
mau24
maurao
mauri19091994
mauricio
maurilio
max
max456
maxell7
maximus
maxshare
mayara1827
mayara@21
mayke147
maylaroger
maynart200
mayrink
maysa2012
maysaamuvc
maytn10jp6
mazal00
mazinha
mazzaropi
mb061365mb
mb3458
mb90y11p
mbjolame
mc0199
mc1602
mc1946
mc2005
mc2006
mc3036
mc801206
mcc5283
mcgepgj
mcp0274
mcs167351
mcsm19
mdd5930
mdf8253
mdl27
mds123456
me11me11me11
meachuta
meb1510
mec9630
mecanico
med2004
med6dir5
medicina
medinha
megajane
megdolly
megona
megue
megvik
meia
meiradasilva
mel123
mel980
melahel
melancia142465
melanie
melapso
melcsg
melissinha
mello1
melmar
melo0610
melo1357
melo20
melo2008
memoria
mendes
mendes123
mendes80
mendo001
menina
meninao7
meninas
menudo
meot69
meph123
mercado
merda21
meriV@28
merito
mery
messias0
mestrado1
mestre
mestre10
mestre2406
mestre29
mestresala
met0120met
metal10
metalfarma
metanoia
meucachorro
meucelularenokia
meudeus
meufilhogustavo
meuhebert
meunome
meunomes
meupalmeiras
meusamores
mfps1731
mgama33
mgoa20
mh211970mh
mhj0069
mhk2109
mhyn67
mi15mar
mi161103
mi2380
mi29la11
mibs123
mica
micha1
michaevi
michel
michelin
michelle
microcamp
microlabor2010
midinho
midrid
mig29$$
migustavj
miju2714
mikedog
mikeportnoy
mil0120mil
mil2222
mila
mila5256
milahdauam
mile98557
milena
milenio
milinha
milla08
millene
milliq
millle
milton62
mimi96
mimo1982
mimo26099317
minalba
mindo123
minduin
minemi
mineshow10
mingau
minhalespaul
minhamae
minho1
minimum10
minoro
mioamore
mir0212
mira3322
mirassol
mirian72
mirianpachecoporto
missel
mistery
mivi08
mj2201
mj4243
mjro1981
mk38072362
mkt10p
mkt555
ml030171
ml2002
mljs1211
mlks
mlr12345
mlsn
mmbrasil
mmc201
mmccjj
mmcjbj120583
mmp566rr
mnbv1313
mnejpbds
mnelli
mnsd04
mo0165243072
mo2008
mo220188
mo238816
mo24fa23
mococa
modas75
modelogg
moderno
moghra
moira
moita
moitsp
moj4051
mokiti
molekloko
momo1306
momo1991
monamic
monfilmes
monica03
monica10
monica11
moninha
monique
monique09
montanha
monteiro
mony06
mopetti
moraes
moraes020550
morena1
moreno
morgone
morro
mortalkombat
mosdef
moskatel
mossad
moth67
motherandchild
motorola
mouraa
mouranica1
movealong
movies
mp1234
mp1985lnp
mp3893
mp3l1245b
mpfd18
mpuo66
mpv3afd
mr61rp20
mr666666
mr_0120mr_
mrp2909
mrtv21
mrw25cw
ms1957
ms270162
mt040160
mts1972
muib09hs
muiouro
mulanbos
mumuca
munique
munnique
murcia
murundu
musi
musica123456
mutante
muvi2001
mvain123
mvc14
mvk123
mw714j
mycaroka29
mychickbad
myn7hoka
myrian
mz1975
mzeus44
n18045
n2507a
n280241
n5q2v8
nFBelX
na1230
na4815162342
nacional
nadinho
nado1km
nahtanohj
nair09
nairim17
nalva2011
namaste27
namorada
nan2312d
nana
nanafla
nanao00
nanaqui
nandito28
nando1
nandoeeu
nani1503
nanoca
nanuca
naosei220
naoseiminhasenha
napoleao
naruto1998
nasareh
nascimento
nasson
natafany
natal
natange12
natani1
natasha
natashabonadiman
nathalia123
nathan1
nati02
natsil
natylemosteamo
natynha132196
nautico
naveni
navio
nay8sjca
nayad7
nayara
nayara10
nayara18
nayaraedeus
nazinha
nazireu86
nba489
ncc1701
nd301au17
ndb0001
ne2310
nega9710
negonega
negzl0
neide
neir40
neiva251
nejiamatenten
neli180
nelma
nelycristina
nemequittepa
nene2101r
nene798
nenhuma
neno1209
neno9284
neo115
neo1742
nephi1
neptuno
nercival
nese08
net0001
netcombo
netflu
netinho
neto5252
netobia
netogiduda
netuno
neuma3384
neuza
newton
ngppundd
nhuk28
ni0na1
nic100
nicaregina
nice852064
nicecida
nick06
nick130798
nicklila
nickyi
nicolasgato
nicole
nicolej
nicolie15
nicolino
nicolli
nicoly2006
nicro
nido26
niellynha123
nike10
nike13011997
nikita
nikitha
nikki
nikollasgabriel
nil0120nil
nildamo
nilknarf
niloco
nilserv3
nilson4
nilteo01
niltinho01
nina
nina2006
ninaelari
ninass
ninhana
ninho
ninoemis
niqueilo
nirvana
nita09
nittow
nivaldo
njij9513
nkb182
nkqu12
nkuspz59
nljr5851
nmss3596
nnrq02
nodegama
noelia
noemia
noguea02
nolram
nomar22
nonatomonte
nono123456
noronha123
nosdaj
nosima
nossoamor
nostrada
notlim28
notocorda
novasenha123
novembro
novfor12ale
nozes
nr1402
nthgth
ntpccc
number01
nunes007
nunes140
nyc123
nycole
nz2885
o.JiFp
o0l3e7c8
o4o4
o8k8d8
oUdSBf
oabmt622
oakley123
oakpine
oasis
obediencia
oclone001
oculos
oda1005
odatruf
odem1987
odlaregue3032
ofcfilho
oficina01
oi
oi1234
oi2635
oiac1992
oigen
oilicram
oioioi
oiregor
okam1995
olafas
olga
olibier
oliveir1
oliveira020496
oliveira15setembro
oliver
oliver1980
oluap2578
olympus
om0489
om2012
omega1
omegaealfa
omshantiom
onaibaf
onairda
onda124
onix01
onlykids
onze25
op3785
opala6cc
opallao91
opensesa
oqq6171
oracao
ordemilk
oriente
orixas
orkutpmtgmt97
orliens
orsini
osterroht
osvaldo
otaviogato
ougv44
ounico10
outkest
outubro@2010
overdose
overisco
overture1928
oxente
oxigenio
oxosse1
oxum2121
oydc79oy
ozdemir
p0den3m
p0p8a9
p12h10
p20g09
p23s05
p4tkdbf2
p79860
p994426
pa0207
pa1987
pa255trick
pa5264
pa69h6
pab0120pab
paca01
pacato
paco1807
pacuca
padra355
padrao0909
paf1984
pai2104
paimae
paioka10
paipai
pairei1462
paixao07
pakicetus
pakila***
palio500
palioedx
paliofire
palios
palmeira
paloma
paloma10
pamellaandrezza
pampam
panaca
panasonic123
panda8
pandora
panela00
panela01
pani7010
panico19
panoazul
panontim
pantano
pantera24
paola2
paolinha
papaga10
papaichico41
papainoel
papalegguasg
paparo66
papealria
papel44
papela4
papito
papitus
papodeanjo
papoula
para1ba
parada
paradiso
paraiso01
paraiso7
paramirimba
paranajoinville
parangoleira
paraquedas
parasempreteamarei
parasito
paratiegol12
parativelha
paraty
parauapebas
paris005
paris2010
parouia
parque
pas94tre
pasafelu
paschoal
pascoa
passa
passaquatro
patativa
pati05
pati12
patinho
patixa20
patmhpnf
patofera
patotinha
patriciaeluciano
patricinha
patrik01
pattylee
paty05
paty24
patyli
pau0120pau
paudofelipe
paula2012
paula33
paula99
paulabia
paulafonseca
paulinha
paulinho
paulinhodeusefiel081189
paulo
paulo123
paulo209
paulo22
paulo30
paulo789
paulosergio
pautas
payadog2
paysandu
pb150382
pb356122
pc3808
pcall3112
pe0903
pe1968
pe250803
pea764scan02
peace.55
pearl1
pecado
pedazos123
pedrada
pedras
pedrita
pedro
pedro05
pedro1006
pedro11
pedro1208
pedro17
pedro5
pedro725
pedroa1
pedroca
pedrodenes04
pedroeduardolopesnix
pedroh
pedrolucas
pedroskate10
pegasus
peidao02
peido1423
peixes
pelanca1
penetrar
pensamento
pentagonal
pepita1234
peposa
peppy
peq2905
perdao
pereira
perejill
perf67
perfume
pericia
perla
perola
pet6969
petecao
peter1
petita
petrius
petrobras
petrus
pf11b1
pf2448
pgf227
ph120606
ph1234
ph1Y4PbKzmY1
phd2001
phe.2011
pheebs
phelippe
phelpsrules
phil13
philosophy
phn2007
phr26rf
phylosopho
piafcafe
pica
pica08
pica521
picabota
picadili
picadilli
picapau
picas
picasgrandes
picca
piccadil
piccolacasa
piche
picole96
picseg1
pierre63
pietro
pigmeu123
pigred
pikachu
pikr05
pimentel
pimpim
pimpo2013
pimpolha
pina2406
pincel
pingo99
pinguela
pinheiro
pintura
pipa2610
pipistrell
pipo1949
pipoca
pipoca123
pipoca22
pipocas
pira2009
piramide
piramide9
piranha
pirao9350
pirata
pires1960
piroca
pitagoras
piti78
pitica
pitoco
pitoco13
pitter
pitty50
pitu1708
pituca21
pituxa
pjfgel
pkr0405
planomensal
playboy
playsoccer
playstation3
please
plin39
plinio65
pm021288
pmg2009
pmjd
pmll4040
pmt2005
pocky10
poderdoritimo
poderosachefona37
pokerus3
polI1802
polaco
poldo553
polenta
poli3678
polirim
polli1979
polo
poltter13
pom9vW
pombinhos
pompom
pontal1
pontodepazanjomeu
ponyta75
pops7535
popstar
popys@
porgy5
portal1
porteira
portinari
posi4334
posi4337
positivo
positivoo
potterGAY11
pousadasegundosol
pp2002
ppppio
pps2807
ppsfl2000
ppssrr
pqno2905
pqp2009
pr2131
pr4436
prata.38
predio39ap33
prefeitura
preparador
presario
prestige
preta
preta67
pretinha
preto2
pri0688
pri123
pri1944
pri1983
pridemaio
priefran051003
primadu
primas03
prince
princesa
princesa_7
princesakelly
princesinha
princeton
principe
prions
pripri
priscila
privafilmes0
pro206
processo
prodepa
proflegal
promocao
prosperidade
protec10
protecao
proteus1
provedor
prs2009rbp
prsmemm
prubim
prv3ds
prysla
psicologia
psicose40
pssmii
pt32ak
pucara
puff92657105
pula1602
pulga2702
purant4t
puraputaria
purple
purunga
putaria
pv8X5k
pvag1234
pvgvdpe3
pvt80122
pwe853
pwm10101994
pxP121
py6020
q1w2e3r4
q5y2i8a3
q789632145
qSGS7g
qavc87
qga4FvZ5w6
qjcj04
ql8789
qlbr45
qmerda
qnp19k08
qpdzsag8
qpx101263
qqoe#hpi
quai3Niqu
quaresma2000
quasemeianoite
quedapy
querelante
quero+1
queroarolado
queromacho
queropaz
querorola
quiel1981
quim0000
quioco
qvi0211dg
qvkpcems
qwaszx
qwe789
qwer12345
qwertyuiop
qwerzx
r02511
r07h23
r121421r
r123r321
r1a2ul
r22111987
r224480
r2saltitante
r2vh86yt
r30fe032
r52522
r66mdc
r95ed5x
rERFxa
ra1981
rabbit
racionais
radar35
radiologia
radiopoint
raf0120raf
rafa1234
rafa1609
rafa1709
rafa21
rafa4512
rafael23
rafaella
rafaelvnt13
rafas2tekaamoreterno
rafinha
rainbow
rainha
raio01
raiodesol
raissa32136113d+
rama
rames24
ramone
ramonlucas
ramontalita
ramoskah
rangel0716
ranheta
raphael
raphaela
raqmott95
raquel20
raquel31
raquel98
rasncgr
rat128
ratinho
ratoect
rau1500
ravel22
rayssa20
rb0913
rbd1810
rc0811
rc6018
rca0101
rcmdigo
rda413
rdimovci
re.08112002
re061164
re1732
re6411311re
re920489
rebecadasilva
rebu
reclegu1964
recomecar
redefinirsenha23
redred
reef77162976384
refega
rege2563
reggaemusic
regina11
regina2
rego1980
regret03
rehbein
rei1234
rei777
reijesus
reiki
reinaldoecamila
reinner1
reizao24
relaxe
relogio3
relu0725
remixe
ren0120ren
ren1234
renata1.0
renata15
renata300776
renataleonardo
renato
renato04
renato121
renatojbds
reni2711
repusalo
resolver8
rewritable
reyeps
rfc159
rfcosta
rfds101528
rfreal
rfs0505
rg1252
rg6210
rg9627
rgisd683
rgn@20012001
rhanas
rhanna
rhaquel123
rhb29031780
rhc1308
rhythmic0.0
ri101194
ribeirao
ribeiro22
ribeiros
rica161
ricely
richard02
rick2009
ricke0402
rico10
rico2908
rillary
rilzaeosvaldo2013
rimlaw77
rinaldo
riobranco295
riovasco
rioverde123
ritaejose
ritas852
rittats16
rivadi
river1805
rkc7869
rl070283
rllp2000
rm112233
rm220296
rmda
rmg2832
rnog123
ro1958ro
ro760274
rob0120rob
roberta
robotics
robso641
robson
robson16
rocha
rocha123
rod1804
rod5412
rodeio
rodrigues1996
rodson
rogeri
rogerio2008
rogers
rogrog
rohlig123
roli06011980
rolipe
rom1962
roma
romafi
romildo
rommel79
ronnie10
ronny6
rony5662
roobsonn
roqa1234
rori
rosa92
rosada
rosalva
rosalvomania
rosana09
rose1062
rose2013
rose24339298
rose40
roseli
roseli08
rosi123
rossi1
rotofeguila
royal1976
rozana
rp2008
rpl6yM
rpmaia
rps39
rq7531580
rr2005
rrtf2901
rrvl81
rsamps
rsc1998
rsm2000
rsp1608
rt7930yj
rtr458161
rts031104
rubem
rubykiss
rud2809
rugupeju
russa
ry7vrxmc
ryc645
s0ra1a
s1i2l3
s23may07r
s246061206
s27j85
s4d3m2a1
s5brin5
sa152748
sa210682
sa2906
sa319170
sab3518
sabado
sabbath66
sabino2010
sabrine
sacelu
sacha156
sacks123
saculsacul2011
sadan476
sadi
sadyjr13
safe2528
sagat010
sagatiba
sagradafam
sagrado123
saherafa
sainoda38
salaonovovisual
salete69
salmos
saltyduchess
salvacao
samantaa
samantha
samantha271097
samari
samarits
samiepink
saminha
samsara
samsung0
samu491652
samuel01
samuelbueno
samuelcanoa12
samuelit
samy147*-*
samyraraquel
san211
san2311
san7.9145
sanandaoxalajesus
sandalia
sander
sandra04
sandra15
sandra81
sandrinha89
sandy0123
sandy180402
sanfona2010
sang1028
sani
sansao
santa320
santa@cruz
santana
santaoscalina
santarosa
santin1972
santina6
santoantonio
santos01
santos1912
santos22
santos2201
santosantosanto
santosfcsempre
santuario
saojorge
saojose
saomanuel12
saopedro
saoromao17
sapato38
sapecao
sapekinha
sapequinha
sapo2007
sapura
sar1566
sara12
sara123
sara2
sara2006
sarah2010
sarahc
sarali
sarinhadelboni
saroka73
sasaehugo
sasaki1
satanreina
sattva
saturno
saturnonetuno
saulo123
savios
saxecoburgog
sbrbac
sc1423
sc1821
scavassa
scd357589
scdiehl
scgc2588
scherer
schinayder
schuster
scma13
scooby
scooby15
scotscot
scrisp
scs5992
sd2811ig
sdcf12
sdk1810y
sdn04
sdsf10
se310592
seaman50
sebastio.luiz
secoss
segredo10201020
seguran?a
seguranca
seguro
seicho10
seicho2323
seila777
sel5460
sel@29778266
selma01
selo123
semente
semgluten
seminha
sempre
sempreolhandoparaoalto
senha
senha03
senha150657798
senhacursos2013
senhademerda12
senhagalaxia
senhagrand
senhalarissaferreira
senhamjailton2014
senhanova
senhas
senhasenha
senhordosaneis
sercar
serena
serginho157
sergio.amaral
sergio.souza
seropedica
serpente22
serrano
sesiom11
seven120
sexobr
sf270556
sfmjivo
sga
sgs500
shakira
shakti
shalon
shalon29
shanejonas
shania89
sharon
shartiboi123456
shauanamaria
shazan
she3556
sheldon
shenmue
shewas
sheyla20
shimitt
shoes
showman
shrek9906439
shshsh
shuita
si123456
siberia
siciliano
sidedy
siena
sierrajf
sil
silas07
silas10
silene11
sillmaris
silv9115
silva
silva1957
silva27
silvanice
silveira
silvia90bully
silvio3
simcity
simgou
simo010
simone01
simone2005
simonerik
sind2012
sindicato
sindyvivi
sinfonia
singapura+-
sionsi
sipalo
sipiho
sircsirc3
sirene
sirlei
sisf2028
sismanut
sistema
sistemas12
sitiofffm
sitiopaiolvelho
sj4357
sjpardo
sk83410957
skbimc
slackware
slipknot
sll020bm
sm2010
sm2513
sm550s
sm7115
sma1917
sma1974
smallville7
smband11
smfs1102
smuggle09
snJqvr
sna1234
snails
sncup
snh778899mj
snh965
snmlkwty
snooker
snoop125874
snoopy04
snoopy18
so00na
so03yu
sobralcanopy
soccer
sofia001
sofia02
sofia07
sogu09
sol2911
solarium
soledad
solsol
soma03
sombra
sompink
sonhomeu157
sonia1
sonia55
soniamds
soniazilio
sonic74
sonotec
sophia
sophia-13
sophia01
soquinha
sorcier
soroco30
sorte10
sorvete29
sosil31
sosocado
sotreq
sou+qd+
sou100
soufoda
sougay
sougay95
sougostoso
soum06sme
sousa
souza40
souzasantos
souzasilva
sozinha
sozinho
sp1603sp
sp54sb98
speedy12
spfc
spider
spider01
spider10
spider7
spikelee
spnsa89
sport2008
sprache123
sqs402103
squaswre
sr102030
sr8086
srb760208
srccs9135
srp100
srta00
ss528936
sseg4atx
ssk44247
sskadett
ssooll
ssophia
ssss29
ssvv7313
st0rm101
stadebora
stangler
star11
star5483
starcap1966
starg8
start28
stds2007
stef1711
stela1994
sthauros2
stoliar
streetchaves
struck
sts132
stuart01
su3333su
su665319
suamae69
submarino
sucesso123
sucesso2008
sucesso2014
sucky79a
suda3067
sued1000
suelennsusufeliz
sueleo0705
sueli
suelnana03091989
suesan
suka
sula2006
sumaca8890
sungas
sup135
superbem01
superflu
sureshot
susej321
susi10
susibel
susu2808
susuca1
suzana01
suzisuzi
svsfmbhyxj
sw2121
swallowed69
sweetpower
swkotor
sylvia
symon123
sztrutsz
t1h9o9r6
t1lit12
t1m2c3
t2g2f9x2
t2r7r8i9
t3911b01
t564092
t5ha5is5
t6f7o88888888888
tFksCW
tHW1MX
tRIBUNAL
tabata
tac310187
tadeu1969
tahani
tailas
tainas
tais99
taisamjailton
taison199
takaryna
talampaya
talentinho20
talfpw
talinsk
talles
tama29
tamburello
tamires
tamiresdenis092009
tanacara
tania3112
tanianaldo
tanya2012
tarcisio
tarcisio123
tarciso
taruma270
taskinha
tataquinho
tatavivi
tathy12
tati13
tati1980
tati21
tatiane
tatiano
tatinha
tatty2
tatucadu12
tatui03
taturana
tavinho1
taxi04
taynah
tayrazuca
taz000
tazmania
taztat15
tb250250
tbone111
tc6931
tchatcha
tche220751
tcheines
tchully
tcs0054
tdl123
te
te300768
teacher
teamojesus
techno@123
tecladista
tecmed
tecnobingo
teco150895
tecofofo
tectonica70
tedyamigo
teiaelana10
teialegal
teka1507
tekila
tele70
teleco10
telecom1003
teles
televocomigo
telinhof
telma18
teluQO01
tenile14
tenisan
teofaria
teofilo
teologia
teopenedoeterna
tercmolar
tere02
tere2011
tereza
terezinha
terra1
teste
teste2
teste741
testemoip
testingcheatsenabled
tete84
teurgica8945
tevo
teza
tf43bskp
thais04
thaisavitoria
thaiscam
thaisfernanda
thaissa0
thales1011
thalia
thalia234
thamireslind
thamiriss2
thamybi
thassia
thauan
thayse
thegiz1980
thehanks
thepowerofvamp
theresa24
thesca
thi061296
thi280696
thiago.oliveira
thiago1904tsb
thiago84
thiagonord
thierso
thivalls13
thomas2
thomaz
thomaz20
thor12
thoya1987
thporto23
throttle
thunder
thw1mx
thx1138
tia0120tia
tia10
tiago1070
tiago123
tiago20
tiagodesa
tica123
ticavrs
tichinho
tico81
tiebatieba
tifacosplay4.
tigre
tigre007
tigre7
tigres17
tigreza
tigrinha
tildelima
timao
timao21
time153
timtim
tina30059791171734
tina68
tingui
tininha
tinoedai
tinshirt623
tintokbcao
tiohends
tipo94
tita190182
titania
titanic
tithien1974
titi
titi032
tiza1968
tizil
tjfrrn
tju3
tkbs27
tkof96
tltlove
tm1956
tmGLL8
tmvb3202
to171nt51
tobiko1
toby05
toby97
tobykiki10
tod0120tod
toda95
todaboa
toddy
toddy01
tododia
tody
toledopr12345
tomaladaca
tomate
tomate55
tomatim
tomaz24
tombitom
tomdanike
tomimatsu
tomtom10
tonellus239
tonhas
toni@#123
tonico
toninho
tony2503
tonydh7071
topsecret
toque
tornado
torre
torresmo
toshio99
totoso
touchet
touro31
toxiba
tr098145
tr3106574
trabalho
tracaja
trair
traxart1
trenhago
tribo69
tricolor01
trinken
trintaum2008
tristania
triton
troia27
trompete
trompetepoket
trustno1
tsm1154
tsmdaerw
tst2012
ttuister
tubaroes
tuco20
tude1907
tudodebom
tudovale
tuffs
tuhzNE
tulipa1
tuninhoreis
tupancireta
tupynamba
tuquinha
tutuca10
tutuzinha
tw3387
typewriter123
tzu43789
u1g99cf5
u2e7y7a9
u@embj#z
uFbBvh
uR6t4F
ubatuba
ubs1960
uctq42
udshzazs
uecebh10
uelcire
ueva13
uhmb66
uj9sxba8
uju20uju
ulbra07
ulissesrosa
ulrichi1
ultraje2
umxd54
unesco
uniaoibi
unico79
unimonte
uninha31
unipar
unipec
upcovernet
uriuri2
ursinha
ursopanda1
user@mjailton
uspiana
utfpr987
uvamarrom
v.SAc4
v0511ano
v06f04
v5167uv
v7tnq3ju
v8r9p9u3
v@ld!rr
va1981
vaca25
vacanaval123
vag0120vag
vagao01
vai2tai3
vainao
val123
valcionei
valdemiro.antonio
valdinei
valdir
valdirene
valeama
valentim007
valentin
valentino
valetudo
valevan@valevan
valmir
valmo199
vampira
vampire1
vampiro
vamsom
van161278
vandi
vandinho13an
vanez
vania0401
vaninha
vanize
vanuza
vanuza123
vany
var50962828
varejoteste
vargas
varinhac
vasala
vasco03
vascodagama
vascos
vasp10
vb1329
vbn78451
vbo1019
vbvb399
vc955465
vccs5423
vectravectra
veloso40
vencedor36
vencer7
venceras22
ventarra
vera02
vera09
vera1188
vera190182
vera1964
vera48
veralucia
verdade1234
verdes
veridiana
vermelho13
veroca
veroka
verona
veronica
veroraul
versao
veterinaria
vfrrfv20
vgato123
vh5150
vhf1402
vhpcouro
vi1208
vi1999
viado
viado24
viadoloko
vianna
vic0307
vic2008
vic@3835
vicente.216
vicentina
vicenza
viciadoscs
vicjotal
vicsvics
victor03
victor28
victor37758747
victorfariass2
victorhugo
vicvic
vida151101
vida33
vidaclara
vidal
videogame
vidoramus
vieira10
vigm12
vilapinho
vilmaeacel
vincenz0
vinhedo
vinhovinho
vini2008
vinibt
vinilaura
vinivana
violator
violeta
violoncelodorock
vipcouro
virada1408
virgulino
virtua
virtus
vision08
vital2008
vitatine
vitinho
vitor01
vitor1
vitor123
vitoriacristine
vitoriapazam
vitorzm09
vitoto
viv1206
vivalavida
viver
vivera
vivi1201
vivi173
vivi31
vivi4421
viviane
vivijava
vivito
vivo10
vivo2004
vivozap
vlb973
vlucas
vm2210
vmf100396
vncz59
vocevoce
volei
volni1995
vop@gilo
vorpal75
votan123
voucher
vovobisa
vovobonitinha
vox903
voxb37
vozeviolao
vqk4nmw
vqsasalb
vqtg0902
vrdc92
vrrg1115
vuatov
vv6644
vv98981706
vvvfkh9
vz7422
w.1nd,9rfu5
w030821
w11l01m05
w147896
w1606200
w39jxn
w4646646465w
w62t05miso
w79884
wFaoZZ
wNmDIn
wa0511
wa32362270
wafromfrom
wagna
wagner
waldenberg
waldman1990
walker30
wallacy
waltener
wan3103
wandajr
washington
waterball
wavemind09
wb5147sr
wbc1203
wbs231199
wc250543
wcs1415
wd233633
webjet01
wel238
well863190@@
wellington1996
wender2008
werner
wes12321
wes260188
wesleywillyan
whitehorse030711
wi0101
wiccano
wilario
wilber
william
william.mendes
william.pantoja
willye_123
wilson
win619
windsor
witch35
wizard1o
wizard2010
wliia14
wlomeu77
wlove4u
wm1016
wo.ara
wolf2508
womani
wonderful13
wood1711
woshyngton
wr101283
wr1988
wrc0102
wrf1950
ws0303
wu36rn2f
wwhtns5
wwsgf990801
wyh853
x1x2x3
x3n7x2z2
x3y3z3
x7w8cbea
xande
xandinho
xandommar
xapm48
xaveco
xavier04
xero141512
xexel
xidida1983
xiquinha
xislinha
xlz5fjk1
xokol7xx
xorumela
xp1905
xpto
xpto1975
xpto62
xpxj39
xrated
xsl8xsl8
xsqbmxgy
xsw21qaz
xtz3651
xurumela
xuxaxou
xuxu69
xuxuco
xuza9001
xxku15
y5k9xtu3w
yago12
yago1607
yakult22
yamom
yaracaba
yas0308
yasmin
yaya27
yc8fghhy
yes258
ygh1617gomes
ygv82hrz
yhn952
yky5nfeg
ylram2013
yoshiko
ytj.,mn98744yj,n5
yur@123
yuri
yuri2000
yuri23yasmin20
yurijr
yurijulia
yurilucas
yyxt39ac
z14qweas
z1e8c5
z2r3h6
z2x3h5x7
z6J92U
z6w7q9u2
zEJWlD
zKVghY
zamor2
zana77
zanety1
zangado28
zanonlessa
zara
zaraethor
zaszas
zaxscd..,,
zbp6w8k
ze2005
zefapinto
zeg1234
zelina@41
zeliolu
zelita
zemane
zen1936
zenete
zeus06
zeus1040
zeze64
zezito
zin6969
zipmail
zm552006
znelellimac30
zny988pt
zodiaco
zofTzE
zona52
zorro7913
zoziane
ztie08
ztm17894
zuca1027
zugbol
zuleica1
zumbi1977
zuriquinho
zxc159753
zxcvbn
zzaxs987
zzz888
000412
010101
0109
0123
020998
030303
030609
030951
031197
033586231
050500
051181
060694
060697
0608
0701
071722
071727
080185198395
080606
081975
091319
092101
100200
100279
100596
100775
101003
10101010
101201
1026
1123581321
112414
120484
120584
121301
121416
123456ab
123458
1234ines
123mudar
123qwe
124578
130411
1305
130501
130568
130619
131204
1313
131720
13230507
134134
135790
140298
142205
14340279
150723
151551
15161516
160186
160284
160486
1607
161291
162014
170382
170590
170787
170889
170980
180603
181920
18203361
187081
190610
190689
191118
191511
192021
192127
1952
1970
1972
1975
1980
19871987
1990
2000
200480
2006
2008
200858
210302
220188
220295
220688
220799
221189
221298
221310
222333
22361458
230480
232323
233006
235689
241169
241177
241184
241282
24242424
242505
242630
250486
250525fs
251200
269170bb
270287
270471
281054
282828
286530rb
291200
29507504
3003
300600
300777
3010
303030
310152
3112002ja
321987
333333
34063406
34443598
353353
37411962
408097
416256
42590v0v
443087gm
454545
468219735
5151
5441
565656
666666
696969
697748
717171
731318
741003
764999
841982
85446941
883121
926019
9601570207361
963963
982760
99689681
99870857
999999
FAHKEKA
a1a1a1
a1b2c3
abc123
adalberto
adrianes
adriano
adrkaw1906
akire3999
alberto
aleluia
alex123
aline05
amarelo
amigas
amominhamae
amor1030
amor1234
amoreco
amorim
amorzinho
ana123
anaclara
analaura
anaruth
and0120and
andinho
andreia
andrey25
angela
angelica
anjinho
anna27
antonia
aparecida
aquarela
ariel09ayra2
arthur2009
asd123
augusto
bateria
bento
beto17
bichinho
borboleta
brincar
bruna
bruno1
bueno123
caderno
cal572
campinas
campos
cancan111
caras1
carina
carneiro
castelo
castro
catarina
cavalo
celular
charlie
claudio
clovis
coelho
colorado
compra
confirmation
copa101
cr3188
cristhian
d4a3a4
daniela
danone
dck6318
deborah
denise
design
di170782
diego123
disney
dodozinho
duda
dvai1959
edileuzaeuteamo
elaine
eli28ete
eliana
eliane
eliomar
elizeu
emanuel
emhk1072
equipo
euamomeusfilhos
eudese
euteamo
evandro
evento
f22l09
fatima
fazer250
federal
fera
ferrari
festas
filhas
filhote
flavia
flavio
fluminense
fofura
french
ghro2607
giulia
goytacaz
grazi1681
hesoyamfile
hotfilmes
inasor
ipli83
isabela
isadora
j99898sena
jacare
jesus1
jesus100
jesuss
jl071727
jose
jpsoares01
jsc12345
juliamariana
jumagu
junior24
jussaraju
justinbieber
karen15
kimberly
kleto
lalolasbt
lazanha
lc444202
leandro
leo123
leopatel01
leticia04
levino
liberdade
liliam
lilian
lizzie
lorena
lucas045
lucas123
luciana
luciane
macaco
macedo
madona
maf8783
maicon
maio22
manoela
mari1503
maria
mariaeduarda
marias
martina
master
mateus1
melissa
mestrado
miguelo
morango
morgana
mozuca
murilo
murilo96
naosei
nathalia
neguinha
nicolau
nicolly
o0i9u8y7
outubro
papagaio
paraiba
patricia
pazeamor
pedro01
peninha
picadilly
pietra
pituca
poderosa
porno123
presente
presunto
professora
pulapula
qwerty
rapadura
ravadelli
rc081086
regina
relogio
ric0120ric
rogerio
rosa
samuel
sandro
santorini
sarah
saudade
segredo
sexo69
silvana
simone
skysky
soeusei
sofia
sol
solange
sonia
sorvete
sprite
stella
superman
suporte
ta1358
teste123
testemp3
timao00
travel
tricolor
tulipa
uberaba
unio2008
vacaegalinha
valeria
vcs2249
verde
vermelho
victor
vidanova
vieira7179
vitor
wolfgang
xereta
xxrt48
yeshua
yeshua7
z0w1p3
0105
050600
102030405060
121479
135246
147852
150205
151515
181818
212223
222222
23081977
242526
270307
271202
280469
302010
505050
536201
748596
784512
875167
975310
a1b2c3d4
adilson
adonai
alegria
amores
anapaula
andressa
babalu
belinha
bernardo
bianca
boneca
brasilia
carlos
carvalho
coracao
cristal
danilo
eduardo
gikegi
gremio
guigui
heloisa
henrique
historia
izabel
joaopedro
julia
junior
lindinha
luciano
mar0120mar
marcos
marina
metodista
miguel
monica
mudar123
nicolas
paixao
password
rafaela
raquel
roberto
rodrigo
sandra
santos
sapatilha
sapatos
senha1
thiago
vasco
victoria
vida
vinicius
000000
111111
1212
123321
1234567
123654
141414
1a2b3c
202020
203040
223344
alexandre
analuiza
barbara
bolinha
camaelastica
carolina
compras
cristo
eduarda
escola
fernando
guilherme
helena
juliana
laura
leonardo
maniabrinquedos
marcelo
mateus
morena
natalia
oliveira
rebeca
sabrina
setembro
112233
122436
212121
232425
arthur
bra
brinquedo
estrela
eumesmo
flamengo
giovanna
jesus
larissa
musica
rafael
renata
saopaulo
vanessa
123
12345678
142536
beatriz
camila
conforto
leticia
penelope
redeglobo
020202
123123
gustavo
lilica
mariana
matheus
piccadilly
sucesso
242424
familia
fernanda
filosofia
gabriela
vitoria
252525
amanda
brasil
sapato
654321
daniel
121212
131313
101010
12345
123456789
felipe
010203
gabriel
1234
102030
Not
123456
